Run,Iteration,Wavelengths,Cofficients
451,1,451.902,0.013224365209013707
451,1,452.401,0.013134137225343774
451,1,452.9,0.019248697662287866
451,1,454.895,-0.003452993651791917
451,1,458.382,0.014715465985530354
451,1,459.377,0.013304866957831956
451,1,461.863,-0.001586234398315661
451,1,462.36,0.0212425811604177
451,1,462.857,0.018386218113722767
451,1,465.339,-0.00940248061359695
451,1,465.835,0.01472520777031323
451,1,466.331,0.02021092246288527
451,1,468.314,0.013891299120929996
451,1,469.305,0.00024515474944264225
451,1,473.758,-0.016561084507681754
451,1,474.252,-0.004816437526944523
451,1,477.215,-0.017398166551927573
451,1,477.708,-0.007304492204378019
451,1,478.202,-0.011227208225249623
451,1,478.695,0.0036019923021021736
451,1,480.667,-0.008007909869003897
451,1,483.129,-0.012673089601085374
451,1,483.621,-0.020982973329239762
451,1,485.588,-0.01725309761332795
451,1,487.063,-0.03515322768161774
451,1,487.554,-5.198894351438843e-05
451,1,489.027,-0.03565555860222828
451,1,489.518,-0.012193068552069294
451,1,490.008,-0.026487556621632803
451,1,490.499,-0.029236581883017688
451,1,490.989,-0.032142204815178065
451,1,491.48,-0.02191354712550039
451,1,491.97,-0.04538479712368712
451,1,492.46,-0.007935788648727704
451,1,493.93,-0.009336234232494644
451,1,494.419,-0.04454189148834657
451,1,495.398,-0.01779417822671222
451,1,495.888,-0.015448064325196876
451,1,496.377,0.011744417063020523
451,1,496.866,-0.009580638169645593
451,1,497.844,-0.045082563169286494
451,1,498.821,-0.09791618467869039
451,1,499.31,-0.12169547659700028
451,1,500.287,-0.09549539649738259
451,1,500.775,0.03665825915018896
451,1,501.263,-0.05738014143716712
451,1,501.751,-0.06467335685367279
451,1,502.239,-0.05755632538314919
451,1,502.727,-0.10710540885677763
451,1,503.215,-0.07834996710303338
451,1,503.702,-0.00932756473949043
451,1,504.19,-0.20921705525598788
451,1,504.677,-0.0010548350444420436
451,1,505.164,0.06949526312322547
451,1,505.651,-0.045743155341187655
451,1,506.139,-0.09958622149308394
451,1,508.086,-0.06316761266911958
451,1,508.572,0.011080575065979006
451,1,509.545,-0.07379538690389353
451,1,512.46,-0.038443360463765154
451,1,512.946,-0.026712413583751867
451,1,513.431,0.007116286122632009
451,1,513.916,-0.01307889649154776
451,1,515.371,-0.013111953055489846
451,1,517.795,-0.014863328178217165
451,1,518.279,-0.016579038158458785
451,1,518.763,-0.010008839050462919
451,1,519.731,-0.002997853797456064
451,1,521.182,-0.012504946206805678
451,1,521.666,-0.01082739820470372
451,1,522.149,-0.014432067055463245
451,1,523.599,-0.0050458776097476905
451,1,524.082,-0.013118794160869869
451,1,525.048,-0.01085943609129722
451,1,526.978,-0.015772026432895353
451,1,527.46,-0.010454786796550269
451,1,528.424,-0.00900387615329202
451,1,528.906,-0.01707295307385204
451,1,529.388,-0.014363132868660316
451,1,530.351,-0.015297025268215534
451,1,530.833,-0.011513307803817234
451,1,531.314,-0.013547095593375693
451,1,533.238,-0.01723959932219352
451,1,534.2,-0.020623403767274222
451,1,534.681,-0.013370833472243986
451,1,536.122,-0.019930410123613167
451,1,537.082,-0.010032293244819267
451,1,539.001,-0.010332821667550922
451,1,539.96,-0.01331011135434801
451,1,540.919,-0.011316570083010303
451,1,542.356,-0.015298982424149616
451,1,543.313,-0.009777648901381742
451,1,550.003,-0.008920788147578055
451,1,550.48,-0.013119376720339766
451,1,552.864,-0.009756156224798742
451,1,553.817,-0.012304661982261177
451,1,555.245,-0.012540924308229714
451,1,555.721,-0.008331269959331151
451,1,557.148,-0.005117391273967322
451,1,560.474,-0.012684598241300683
451,1,560.948,-0.011542280456095297
451,1,563.32,-0.010330895546673496
451,1,563.794,-0.00730794249293076
451,1,564.742,-0.006282017622140786
451,1,566.163,-0.0033417704662109496
451,1,567.11,-0.008802193751332272
451,1,569.002,-0.006222641352994897
451,1,571.837,-0.005331881464359175
451,1,572.309,-0.008619024643285867
451,1,573.725,-0.0026840953882306356
451,1,577.025,-0.004826036251294732
451,1,578.437,-0.006962687460488731
451,1,581.73,-0.004027555245912601
451,1,583.139,-0.005192121090084821
451,1,589.704,-0.007850301728907787
451,1,591.576,-0.003053094246322392
451,1,592.511,-0.005314069299286264
451,1,594.38,-0.007983832507518156
451,1,597.181,-0.008260432946288178
451,1,598.114,-0.005003444799482331
451,1,599.512,-0.007749061052545017
451,1,599.978,-0.005647031366358204
451,1,602.771,-0.010920139474353949
451,1,612.518,0.006475433473299318
451,1,612.981,0.012415701324481093
451,1,613.444,0.0029535070574048974
451,1,614.832,0.011118963966453418
451,1,617.605,0.016187070728578255
451,1,618.067,0.010838937680274033
451,1,619.452,0.005406468385405191
451,1,619.913,0.009972257243325296
451,1,620.375,0.015362016848489321
451,1,621.758,0.018006483808868573
451,1,622.68,0.015238769055586075
451,1,623.14,0.015102089370011056
451,1,623.601,0.017851820328104038
451,1,624.061,0.021250721043593986
451,1,625.442,0.027294808529548444
451,1,625.902,0.029050057307945774
451,1,626.362,0.022243447709398022
451,1,626.822,0.01656093262731255
451,1,627.742,0.028820966521468355
451,1,628.661,0.025365353957619786
451,1,629.12,0.03271411075544402
451,1,629.579,0.01707065824076144
451,1,630.497,0.031221313743320912
451,1,631.415,0.011547342706938917
451,1,631.874,0.018638024046715076
451,1,632.332,0.01907098428478509
451,1,632.791,0.01739209177719184
451,1,633.249,0.026931618194135115
451,1,633.708,0.03210356655622919
451,1,634.624,0.017189690355978136
451,1,635.082,0.023995168326668894
451,1,635.998,0.00792940810181976
451,1,636.455,0.02221793218639814
451,1,636.913,0.018088231045970772
451,1,637.37,0.014316261422056208
451,1,642.396,0.01802857099395365
451,1,643.309,-0.010886183887872374
451,1,643.765,-0.01696661077191275
451,1,644.221,-0.0075697955449960524
451,1,644.676,-0.02061457931034292
451,1,645.132,-0.018153220004934578
451,1,646.043,-0.0375451431488697
451,1,646.954,-0.030708487541577015
451,1,647.409,-0.01590476528106438
451,1,649.229,-0.026852910545174653
451,1,649.684,-0.03694436746545795
451,1,650.139,-0.01429880994163313
451,1,651.502,-0.02001428058809675
451,1,653.318,0.007234022906136117
451,1,653.772,-0.010202949132750846
451,1,657.399,0.017258932727674307
451,1,657.851,0.017283641320130296
451,1,658.757,0.024687455352776007
451,1,660.114,0.015313618417290432
451,1,660.567,0.02807889763000833
451,1,661.471,0.014037371684117795
451,1,662.375,0.0188717090357933
451,1,662.826,0.014016452807837932
451,1,663.278,0.010667551575459911
451,1,664.181,0.011091493579190568
451,1,665.084,0.023654290193297935
451,1,665.535,0.016600878717547143
451,1,665.986,0.007792027646428759
451,1,666.437,0.008868396833663623
451,1,668.24,0.008453402555954125
451,1,670.041,0.011540541536843167
451,1,671.391,0.01004335178893818
451,1,672.74,0.007223678442856661
451,1,673.189,0.007607873926352587
451,1,673.638,0.005319780879625687
451,1,674.088,0.00573829584856865
451,1,674.537,0.004242905620835181
451,1,675.435,0.00552259435498772
451,1,675.883,0.005123075422589985
451,1,676.781,0.008108681337503145
451,1,678.126,0.008444077013122291
451,1,678.574,0.007895800747893778
451,1,679.47,0.008848421244845785
451,1,679.918,0.008940206704832036
451,1,680.366,0.008030362050191779
451,1,680.814,0.006329076204028617
451,1,681.709,0.011944621349341674
451,1,682.156,0.010797154805826789
451,1,682.604,0.01689305732832557
451,1,683.498,0.01731823584808566
451,1,683.945,0.010003876520822394
451,1,684.392,0.016730669441662096
451,1,684.839,0.03171903409074023
451,1,685.732,0.015540897227215031
451,1,686.179,0.04377469675050471
451,1,686.625,0.03730166201860955
451,1,687.071,0.03663040867699001
451,1,687.518,0.05867102860905285
451,1,687.964,0.056124575417606105
451,1,688.41,0.058982236458213676
451,1,689.301,0.06634193945323616
451,1,689.747,0.04632400098638332
451,1,690.193,0.051539999501948645
451,1,690.638,0.033370026165422124
451,1,691.084,0.032179504482474
451,1,691.529,0.035601007639614025
451,1,691.974,0.040351279534088826
451,1,692.419,0.034723000752383215
451,1,692.864,0.038493669266114014
451,1,693.309,0.024415186036384543
451,1,693.754,0.02459876360978173
451,1,694.199,0.0258197535326975
451,1,694.643,0.01782149907026368
451,1,695.532,0.016895027128757387
451,1,695.977,0.01634372097488936
451,1,698.197,0.012959377697967569
451,1,698.64,0.010878841798481892
451,1,699.527,0.004080436853439268
451,1,699.971,0.008172139845840514
451,1,701.743,0.008733626195332885
451,1,702.186,0.0054947942279395656
451,1,703.957,-0.0018059321355730587
451,1,704.399,0.006094630540697178
451,1,705.726,0.004747833657962276
451,1,708.818,0.006355539051176897
451,1,714.108,-0.0020870908427989268
451,1,715.428,0.004779709485241437
451,1,717.186,-0.010823236208802286
451,1,717.626,-0.006441887812913147
451,1,718.504,-0.01159096631731586
451,1,720.261,-0.014664205326660606
451,1,720.699,-0.016432622569649374
451,1,721.138,-0.03875139170813328
451,1,722.015,-0.015167022768302457
451,1,722.453,-0.01946360587259006
451,1,722.892,-0.025095772462401873
451,1,727.706,-0.049010084499523834
451,1,728.143,-0.039984740025829045
451,1,728.58,-0.031198025065389604
451,1,729.017,-0.06711442295181128
451,1,729.454,-0.03761202301824857
451,1,730.764,-0.01075915885665986
451,1,731.2,-0.06418941234686655
451,1,732.072,0.004082061498665849
451,1,732.509,0.002366128559402832
451,1,733.38,-0.07548826318577341
451,1,733.816,-0.011370866192548823
451,1,735.559,0.003397122573741527
451,1,735.994,-0.027423164850343136
451,1,736.429,-0.017220222796786346
451,1,736.864,0.00811146232482478
451,1,737.299,-0.053689051099076825
451,1,737.734,0.046895416643524056
451,1,738.169,-0.07044219986159789
451,1,738.604,-0.030296469108667557
451,1,739.907,-0.07413914899274582
451,1,740.776,-0.005928177006366009
451,1,741.644,0.018865322609445127
451,1,742.078,0.02134807397828032
451,1,742.512,-0.055213186884254195
451,1,744.246,-0.08120958798221574
451,1,744.68,-0.0440151549611445
451,1,745.546,-0.03776883923904662
451,1,745.979,-0.01396690823019443
451,1,746.845,-0.048493371970141294
451,1,747.278,-0.019269717010561852
451,1,747.711,-0.10438428864402333
451,1,748.143,-0.06419301492401555
451,1,748.576,-0.010616228995452143
451,1,749.008,0.035429597152371595
451,1,749.441,-0.06922156878138236
451,1,749.873,-0.07730271601136336
451,1,750.305,0.014243290316055823
451,1,751.169,-0.11361246417330388
451,1,751.601,-0.03282010656189904
451,1,752.032,-0.0553005610134795
451,1,752.464,-0.10289927516660807
451,1,752.896,-0.1268956432159235
451,1,753.758,-0.08351375513100745
451,1,754.19,-0.03116156431095091
451,1,754.621,-0.09733189805163159
451,1,755.052,-0.08464562238583713
451,1,755.483,-0.004297768204516736
451,1,755.914,0.02735400050474594
451,1,756.344,-0.021357395015720856
451,1,756.775,0.028200021606055947
451,1,757.206,-0.01450732358029142
451,1,757.636,-0.002349447731677588
451,1,758.066,-0.01815765085665768
451,1,758.497,0.001334706905443843
451,1,758.927,0.06069568700583059
451,1,759.357,-0.018643444937961384
451,1,759.787,-0.004714125142927987
451,1,760.217,-0.02876328452465332
451,1,760.647,-0.01796832353226667
451,1,761.506,-0.05511537725472502
451,1,762.365,0.013736291362170245
451,1,763.223,0.05911973597227976
451,1,763.653,0.012757021859133421
451,1,764.082,-0.0766310720171407
451,1,764.51,0.011105924419390944
451,1,766.225,0.022339631161139798
451,1,766.654,-0.04788657949687162
451,1,768.367,-0.07331700762819543
451,1,768.795,-0.09255411673844877
451,1,769.222,0.03402446058371225
451,1,769.65,0.03008577178214703
451,1,770.078,-0.04556516939026236
451,1,770.505,-0.01648806857186987
451,1,771.36,0.04925198328627041
451,1,772.642,0.006938842993311643
451,1,773.069,0.009105905961588737
451,1,773.496,-0.061717741651677656
451,1,773.923,-0.043196040864868626
451,1,774.349,-0.0420655441596188
451,1,774.776,-0.04875988486141903
451,1,775.203,-0.05833021338685604
451,1,776.055,-0.07130015300356873
451,1,776.482,-0.05001483335350492
451,1,776.908,-0.0714419280942625
451,1,777.76,0.00026139367354257773
451,1,779.037,0.0045314963858732425
451,1,779.463,-0.02578840407842697
451,1,779.888,0.012246451205512252
451,1,780.314,-0.05891756835186196
451,1,780.739,-0.023281648779004283
451,1,781.164,0.0029982164261059857
451,1,782.014,-0.0006185854280221667
451,1,782.864,0.013810717628396458
451,1,783.289,-0.006570743376228802
451,1,784.138,-0.022251592779900808
451,1,784.562,-0.053365455707792796
451,1,785.835,-0.07208679800269831
451,1,786.259,-0.05182793823617172
451,1,788.802,0.005947558335072794
451,1,789.225,-0.03951480214666289
451,1,790.071,-0.08663095010520447
451,1,790.495,0.012900021396877986
451,1,791.763,-0.014049650293192373
451,1,792.609,-0.013616459639612376
451,1,793.454,-0.028925642690930724
451,1,793.876,0.014015831770697073
451,1,795.143,0.0369898095837005
451,1,796.83,-0.035196440030430674
451,1,797.673,0.039434810863622584
451,1,798.516,0.026982123265129176
451,1,799.358,-0.05183323266340521
451,1,799.779,-0.03365101480879058
451,1,802.303,-0.036323799819293116
451,1,803.144,-0.03257862231888011
451,1,803.564,-0.007521467419182088
451,1,803.984,0.0269829438036175
451,1,804.404,0.015091199394157052
451,1,804.824,0.0183246881104453
451,1,805.244,-0.011109797113048103
451,1,805.664,0.030565345161522796
451,1,806.084,0.025538202451751355
451,1,806.503,0.0223173064665124
451,1,806.923,-0.011586199185703102
451,1,807.342,-0.02040392777391833
451,1,807.761,-0.031086722305687448
451,1,808.599,-0.041435423277562264
451,1,809.856,-0.04312369518991451
451,1,810.693,-0.0257033214516969
451,1,811.53,0.03178817280783023
451,1,811.949,-0.006549069332274937
451,1,812.785,0.01378261507195404
451,1,813.203,0.02176753524122815
451,1,814.457,-0.007848946498952146
451,1,815.292,-0.0017641985070448874
451,1,816.544,0.013020504033893777
451,1,816.961,0.0006481226089766059
451,1,817.378,0.06355893708269256
451,1,817.795,0.010254337859358515
451,1,818.212,-0.006785337432318376
451,1,818.629,0.04296065390099566
451,1,819.462,-0.03274068434003079
451,1,820.295,-0.020256481653736266
451,1,821.128,-0.03014259635455737
451,1,823.624,0.02760816260787933
451,1,824.039,-0.021856478836407168
451,1,824.455,0.03030297639597431
451,1,824.87,-0.03469232007647307
451,1,826.116,-0.03549139470086586
451,1,826.531,0.016340660471607996
451,1,826.946,-0.01234452357829455
451,1,829.848,-0.004646840708455737
451,1,831.091,-0.020053447539225017
451,1,831.505,-0.02605288259266126
451,1,833.16,-0.015103868511813702
451,1,833.573,-0.012388432548082355
451,1,834.813,-0.0334158477503998
451,1,836.052,-0.025349329980929106
451,1,836.465,-0.0030984599931555366
451,1,837.29,-0.018885998383263457
451,1,837.703,-0.011938342038476726
451,1,838.116,-0.011429696289671209
451,1,838.94,0.02145630384489649
451,1,839.765,-0.0036229354971436395
451,1,840.177,0.010479248189418871
451,1,841.0,-0.03481806175227547
451,1,841.412,-0.0072730337257096225
451,1,844.292,0.015382606907717316
451,1,844.703,0.030156810890672264
451,1,845.114,-0.014759571716552079
451,1,846.757,-0.013443740145822215
451,1,847.988,-0.012919332293773017
451,1,848.398,-0.011485247248275366
451,1,848.808,-0.0004998225816171456
451,1,849.628,-0.021540107527407006
451,1,850.038,0.0022365767679926127
451,1,852.495,-0.014474516590391007
451,1,853.313,-0.02804379474299457
451,1,854.54,-0.021972393241480453
451,1,854.949,-0.03904628001625919
451,1,855.766,-0.00847187205245506
451,1,856.174,-0.026470274398414657
451,1,856.583,-0.012122384329635019
451,1,856.991,-0.01891185219162958
451,1,857.399,0.03673103689936026
451,1,857.807,-0.010848221523224266
451,1,858.623,0.05183312510428978
451,1,859.846,-0.0032951569865078863
451,1,861.069,0.0037806497478282478
451,1,861.883,-0.0074174827875866005
451,1,862.29,-0.03268710902316729
451,1,862.697,0.002937242764987735
451,1,863.104,-0.013478390404716645
451,1,864.325,-0.004649469208002203
451,1,864.731,0.006315268625447698
451,1,865.138,-0.04200399611055294
451,1,865.544,-0.028257306733937945
451,1,867.169,0.002839771111401669
451,1,867.98,0.02655371818065278
451,1,868.386,0.0010985053123460022
451,1,868.792,-0.007207665448572504
451,1,869.603,-0.0028873720326470223
451,1,870.008,0.0029696076905125902
451,1,870.819,-0.02329608075769094
451,1,871.224,-0.009646747049504802
451,1,871.629,-0.01502688267763578
451,1,874.057,-0.006868831103321925
451,1,875.27,0.001107458753171694
451,1,878.097,-0.01505183487410155
451,1,878.501,-0.027056751923818043
451,1,879.711,-0.010793475787311246
451,1,880.92,0.03212033736758339
451,1,881.726,0.02772051949750675
451,1,882.934,0.01412289677865454
451,1,883.336,0.03191399953061689
451,1,887.355,0.02014347999939024
451,1,890.164,0.03903423784646892
451,1,891.366,0.03055257801241292
451,1,891.767,0.03397320159228669
451,1,892.567,0.01275257442663485
451,1,892.968,0.013631832812429396
451,1,893.368,0.0018011068764683803
451,1,894.568,-0.0035726795735843316
451,1,894.968,-0.007830316646385185
451,1,898.563,0.027562527815311526
451,1,898.962,0.027352940727059058
451,1,899.361,0.032129133629589884
451,1,899.759,0.025919495839623417
451,1,900.955,-0.013442187532048287
451,1,901.752,-0.012516990802714937
451,1,902.15,-0.025771913697309853
451,1,902.548,0.013193789824580748
451,1,903.345,0.030761235728480708
451,1,903.742,-0.00794080954210019
451,1,904.14,0.036125026376796564
451,1,904.936,0.04505416128662029
451,1,905.333,-0.014690652583345173
451,1,905.731,0.005737325412787674
451,1,906.525,0.026236177616163685
451,1,906.923,0.024097822307969103
451,1,907.32,0.029672267819327934
451,1,907.717,0.035887782417773254
451,1,908.114,0.023808023759128282
451,1,908.511,-0.0029670999512367595
451,1,908.907,0.05887601753022715
451,1,909.701,0.010486562200292945
451,1,910.097,0.029789449658336287
451,1,911.682,0.049326132250739486
451,1,912.078,0.04168876725530246
451,1,912.474,0.050433088105761165
451,1,914.058,-0.000733019964027705
451,1,914.453,0.0019417473624799922
451,1,914.849,0.0010611355462475283
451,1,915.244,-0.0035402664229142104
451,1,916.034,-0.011789555820553563
451,1,917.22,0.02941924714191281
451,1,917.614,0.03527031625140432
451,1,918.009,0.036835982599163986
451,1,918.404,-0.005000159804610452
451,1,918.798,-0.01009182309316389
451,1,919.982,0.024906501867780984
451,1,920.376,-0.01266084395681483
451,1,921.558,-0.0001799224550116281
451,1,922.346,0.023085560888611422
451,1,922.74,0.004431480441796255
451,1,923.527,0.02632150571923333
451,1,923.92,0.0029037134851235377
451,1,925.1,0.035889568639400314
451,1,925.493,0.051435592882302816
451,1,926.672,0.05278754821675131
451,1,928.635,0.04456349401277939
451,1,929.027,0.04230434340827253
451,1,929.42,0.02862492613288444
451,1,929.812,0.03299524923893746
451,1,930.204,0.06236071758683323
451,1,930.596,0.04367845643324354
451,1,930.988,0.04722214360423779
451,1,931.771,0.03898040867391267
451,1,932.163,0.031087926219692717
451,1,932.554,0.02429655135824362
451,1,933.337,0.038159278291941615
451,1,934.511,0.04001195532878047
451,1,934.902,0.0313035515595657
451,1,935.684,0.04205557509031483
451,1,936.075,0.06338431418297263
451,1,936.465,0.04566355643151055
451,1,937.246,0.064035065750115
451,1,938.027,0.049590293151390075
451,1,938.808,0.05137983744298655
451,1,939.588,0.07152870002585292
451,1,940.757,0.04536255699019628
451,1,941.147,0.09096634842130999
451,1,941.537,0.08708525105562527
451,1,941.926,0.08312023526859726
451,1,942.315,0.0990163513832384
451,1,942.705,0.04127530107460371
451,1,943.094,0.04029169198919837
451,1,943.483,0.045898238353063135
451,1,943.872,0.031793232159223944
451,1,944.261,0.053594036480743415
451,1,944.65,0.04425315486339083
451,1,945.039,0.07325727944029843
451,1,945.428,0.09067058704090881
451,1,945.816,0.044595726656672635
451,1,946.205,0.07099081805416686
451,1,946.593,0.06708994918529851
451,1,946.982,0.10044484045331145
451,1,947.37,0.08202224078934013
451,1,947.758,0.07801564288325478
451,1,948.146,0.07110904016967529
451,1,948.534,0.10167331916775112
451,1,948.922,0.05477297991606986
451,1,949.31,0.039822186668161376
451,1,949.698,0.10591373352204504
451,2,451.902,0.016190468698304324
451,2,452.401,0.016092769268950795
451,2,452.9,0.02349532881768099
451,2,454.895,-0.004046291685703473
451,2,461.863,-0.0017194459063132504
451,2,462.857,0.02252292820440273
451,2,465.339,-0.011240578571153263
451,2,466.331,0.024777203630909735
451,2,468.314,0.01704835034228073
451,2,473.758,-0.019890667780816364
451,2,478.202,-0.013324885407294604
451,2,480.667,-0.009446878630251843
451,2,483.621,-0.025166340803764668
451,2,485.588,-0.02064530106809268
451,2,487.063,-0.042357805809914065
451,2,489.027,-0.042911365014538384
451,2,489.518,-0.014402525288047504
451,2,490.008,-0.03179025699424189
451,2,490.499,-0.03512000601694695
451,2,490.989,-0.03862260152875198
451,2,491.48,-0.02614991914635583
451,2,491.97,-0.0546534551376769
451,2,494.419,-0.05360304273891751
451,2,495.398,-0.021094917585454488
451,2,495.888,-0.01817069601043872
451,2,496.866,-0.010961163836138245
451,2,497.844,-0.05394475244747263
451,2,498.821,-0.11803196217537532
451,2,499.31,-0.14679675500696426
451,2,500.287,-0.11483226391573599
451,2,500.775,0.04557987553414699
451,2,501.263,-0.06859169786770945
451,2,501.751,-0.07754273295774135
451,2,502.239,-0.06874792167178007
451,2,502.727,-0.12918585309592076
451,2,503.215,-0.09421358478379394
451,2,503.702,-0.010417730378188226
451,2,504.19,-0.25315837464413393
451,2,504.677,-0.0006914791874909869
451,2,505.164,0.08488789764561706
451,2,505.651,-0.05503970195165536
451,2,506.139,-0.120393923398767
451,2,508.086,-0.0765888463388422
451,2,508.572,0.013597472552591913
451,2,509.545,-0.08957486431518039
451,2,512.46,-0.04667452695893664
451,2,513.916,-0.01594140733607026
451,2,517.795,-0.018096319295316132
451,2,518.279,-0.02016242040122237
451,2,519.731,-0.003664624269771895
451,2,521.182,-0.015181398246146342
451,2,521.666,-0.013160615106272233
451,2,522.149,-0.017527346732667284
451,2,524.082,-0.015915968398161947
451,2,525.048,-0.013165099636953932
451,2,526.978,-0.019104843279464524
451,2,528.424,-0.010884618955490503
451,2,528.906,-0.020675991138983725
451,2,530.833,-0.013917466074885794
451,2,533.238,-0.02085251511989353
451,2,534.681,-0.016153449129774976
451,2,536.122,-0.024106767066475326
451,2,537.082,-0.012096851957441028
451,2,540.919,-0.013655042745599937
451,2,542.356,-0.018485588724085053
451,2,550.48,-0.0158336538837722
451,2,560.474,-0.015331611592354409
451,2,560.948,-0.013949325843239017
451,2,567.11,-0.010661047370575731
451,2,569.002,-0.007531016945257399
451,2,572.309,-0.010469500362662771
451,2,589.704,-0.009676665829623262
451,2,594.38,-0.009863439360012702
451,2,602.771,-0.013461919397732202
451,2,612.518,0.007559524347273694
451,2,612.981,0.014779269805276314
451,2,614.832,0.013173900660254657
451,2,619.913,0.011721562758915794
451,2,620.375,0.018260231458266066
451,2,622.68,0.018112120150086664
451,2,623.14,0.017924696502824355
451,2,624.061,0.025386770421785974
451,2,625.442,0.03268549253946293
451,2,625.902,0.03480024528290906
451,2,626.362,0.026581357699818554
451,2,626.822,0.019663261584373336
451,2,627.742,0.0345399298587651
451,2,628.661,0.03032752507623884
451,2,629.579,0.020254828224661927
451,2,630.497,0.03741342120209734
451,2,631.874,0.022143606991666082
451,2,632.332,0.02266415197940084
451,2,632.791,0.020620817400082952
451,2,633.249,0.03217307092120168
451,2,634.624,0.020356576563474796
451,2,635.082,0.028590511237683785
451,2,635.998,0.009079406719985913
451,2,636.455,0.026402757037570224
451,2,636.913,0.021388726363067684
451,2,637.37,0.016789403650032307
451,2,644.676,-0.025743167342402125
451,2,645.132,-0.02278600283159166
451,2,646.043,-0.046231099505437266
451,2,646.954,-0.037984261386805426
451,2,649.684,-0.04553823819416038
451,2,653.318,0.008219095891423646
451,2,657.399,0.020531612851878975
451,2,657.851,0.020561490428046815
451,2,658.757,0.029615723205321326
451,2,660.114,0.018342309220468138
451,2,660.567,0.03383480612034647
451,2,661.471,0.01684630992848457
451,2,662.826,0.016909477389409566
451,2,663.278,0.012887464584247737
451,2,664.181,0.013412693429216816
451,2,665.084,0.028673366276904946
451,2,665.535,0.020138175609371683
451,2,665.986,0.009448896103914204
451,2,666.437,0.010763253990483746
451,2,668.24,0.010290099594579364
451,2,670.041,0.014048193624342564
451,2,672.74,0.008812651711255342
451,2,673.189,0.009285948158455093
451,2,673.638,0.006504600547091426
451,2,676.781,0.00989833074846723
451,2,678.126,0.010307090324250857
451,2,678.574,0.009649581239353453
451,2,679.47,0.010801835072885901
451,2,679.918,0.010922011671355003
451,2,681.709,0.01457110469031618
451,2,682.156,0.013174115870264859
451,2,683.498,0.021078562043093843
451,2,683.945,0.012212522706050544
451,2,684.392,0.0203289023752588
451,2,684.839,0.038514180006546675
451,2,685.732,0.01886189653786102
451,2,686.179,0.053044599515775656
451,2,686.625,0.04517569804327092
451,2,687.071,0.04430399704125259
451,2,687.518,0.07100391019891408
451,2,687.964,0.0678386189019586
451,2,688.41,0.07126269818816011
451,2,689.301,0.08006629537410627
451,2,689.747,0.05573272008609489
451,2,690.193,0.06205969115093148
451,2,691.084,0.03862293694767248
451,2,691.529,0.04273190614708538
451,2,691.974,0.04854380722389671
451,2,692.419,0.04171640364305923
451,2,692.864,0.04633493817630932
451,2,693.309,0.029250008592137288
451,2,693.754,0.029464465773061853
451,2,694.199,0.03099115847036166
451,2,695.977,0.01952743963785025
451,2,698.197,0.015445838681447386
451,2,698.64,0.012942760676132488
451,2,701.743,0.010370992434939106
451,2,718.504,-0.013862787708376538
451,2,720.261,-0.017471521864557017
451,2,720.699,-0.019573069592328376
451,2,721.138,-0.04661118285702294
451,2,722.015,-0.017926568079268585
451,2,722.453,-0.023081004189750943
451,2,722.892,-0.029856204893897897
451,2,727.706,-0.05825736201828276
451,2,728.143,-0.047180479688974694
451,2,728.58,-0.03650910342158518
451,2,729.017,-0.0799137130875395
451,2,731.2,-0.075994799051882
451,2,732.509,0.005029398937463249
451,2,733.38,-0.08924153899692695
451,2,735.559,0.006951660542612745
451,2,736.864,0.012687182894931079
451,2,737.299,-0.062047656040523244
451,2,737.734,0.05989811912093607
451,2,738.169,-0.0823130123439464
451,2,739.907,-0.08659448546625856
451,2,740.776,-0.003650756131810775
451,2,741.644,0.026312007608424146
451,2,742.512,-0.06331862364178845
451,2,744.246,-0.09482135842729604
451,2,744.68,-0.049519740882461145
451,2,747.278,-0.019653517793605392
451,2,747.711,-0.12285832207711117
451,2,748.143,-0.07414283356543398
451,2,749.008,0.04640224043271512
451,2,749.441,-0.08021730914730918
451,2,750.305,0.02086513919457332
451,2,751.169,-0.1342305351406451
451,2,752.032,-0.06359685972557164
451,2,752.464,-0.12141015706446488
451,2,752.896,-0.15052341470789013
451,2,753.758,-0.0980131205547076
451,2,754.621,-0.11496860948125068
451,2,755.052,-0.0996772144101339
451,2,755.914,0.036060330511014295
451,2,756.775,0.03710429264314643
451,2,757.636,-6.095848745914548e-06
451,2,758.066,-0.019130675983847992
451,2,758.497,0.00418448374713895
451,2,758.927,0.07620907752297704
451,2,759.357,-0.020058294156804976
451,2,759.787,-0.0032306535883862807
451,2,760.217,-0.03230604523995663
451,2,761.506,-0.06461537587495414
451,2,762.365,0.019052961461509213
451,2,763.223,0.07386694854489746
451,2,764.51,0.015569111763744207
451,2,766.225,0.029028295940670284
451,2,766.654,-0.05613123009451489
451,2,768.367,-0.08709799856912147
451,2,768.795,-0.11048029383132105
451,2,769.222,0.042958031276023184
451,2,769.65,0.03830011424274926
451,2,770.078,-0.053595585658018446
451,2,771.36,0.06130538278240082
451,2,773.069,0.012464240029910678
451,2,773.496,-0.07353738591452211
451,2,773.923,-0.050996376608986455
451,2,774.349,-0.04968982719445071
451,2,774.776,-0.05775852655265908
451,2,775.203,-0.06948102293796544
451,2,776.055,-0.0852983614972068
451,2,776.482,-0.05947886855787015
451,2,776.908,-0.08541234304287319
451,2,777.76,0.0014469821852350915
451,2,779.463,-0.03015988243744345
451,2,779.888,0.01584727018954855
451,2,780.314,-0.07044909492233034
451,2,781.164,0.004743243846659274
451,2,782.864,0.017793827759408368
451,2,784.138,-0.026096108588929183
451,2,784.562,-0.06382039659716299
451,2,785.835,-0.08662162319798325
451,2,786.259,-0.062083845015564874
451,2,788.802,0.00790796855537416
451,2,790.071,-0.10448654837952621
451,2,792.609,-0.015947881616212786
451,2,793.454,-0.034508506669492164
451,2,793.876,0.017563771790895237
451,2,795.143,0.04542231177606269
451,2,796.83,-0.042221392339429016
451,2,797.673,0.0483254220351119
451,2,798.516,0.033201658488084436
451,2,799.358,-0.06248255232860096
451,2,799.779,-0.04039380806103777
451,2,802.303,-0.0437304339819116
451,2,803.144,-0.03920219904462556
451,2,803.984,0.03319401438455926
451,2,804.404,0.018708173795512865
451,2,804.824,0.022559025732640934
451,2,805.664,0.037388303133688634
451,2,806.084,0.03134443052920431
451,2,806.503,0.027439006660076454
451,2,807.342,-0.02436254280197449
451,2,807.761,-0.03750205551657162
451,2,808.599,-0.04998428829668757
451,2,809.856,-0.05205777563010548
451,2,810.693,-0.030910853187203487
451,2,811.53,0.03885764391400608
451,2,812.785,0.016923992880324427
451,2,813.203,0.026674297953483035
451,2,814.457,-0.009348668259330948
451,2,816.544,0.016025713117184388
451,2,817.378,0.07736546964776932
451,2,817.795,0.012610921763007404
451,2,818.629,0.05233187367145977
451,2,819.462,-0.039628964746869146
451,2,820.295,-0.02452271928204279
451,2,823.624,0.033580974603503504
451,2,824.039,-0.026455449060254443
451,2,824.455,0.03687621717819891
451,2,824.87,-0.04206043635305778
451,2,826.116,-0.043116511591114424
451,2,826.946,-0.014937867629273986
451,2,831.505,-0.0316352539420043
451,2,833.16,-0.01841234732958889
451,2,833.573,-0.015116916332902141
451,2,836.465,-0.003841671691384841
451,2,837.29,-0.022991164215796552
451,2,837.703,-0.014620343208588151
451,2,838.116,-0.013965877011489566
451,2,838.94,0.02589354503410734
451,2,839.765,-0.00458560309034007
451,2,841.0,-0.04239153811746671
451,2,844.292,0.018513562878419126
451,2,844.703,0.03645849135309692
451,2,846.757,-0.016479591539243412
451,2,847.988,-0.015933926742579776
451,2,848.398,-0.014110910712200107
451,2,848.808,-0.0008276324484209467
451,2,849.628,-0.026315023117788966
451,2,852.495,-0.017794082649239096
451,2,853.313,-0.034273048660891973
451,2,854.54,-0.026894378684002927
451,2,854.949,-0.04764966042108322
451,2,855.766,-0.010555529556246937
451,2,856.174,-0.03237141305247737
451,2,856.583,-0.014966664718348784
451,2,856.991,-0.023188995640458013
451,2,857.399,0.04434072206112439
451,2,857.807,-0.01342580125632286
451,2,858.623,0.06259455243271927
451,2,859.846,-0.004269616577099359
451,2,861.069,0.004317195272136114
451,2,862.29,-0.03995874400496551
451,2,863.104,-0.016657621721034747
451,2,865.138,-0.051307678847514256
451,2,865.544,-0.03458385769465058
451,2,867.169,0.0030748999057671543
451,2,867.98,0.031875625653914184
451,2,868.386,0.0009415268351553014
451,2,870.819,-0.028618845923126215
451,2,871.629,-0.018578968500900156
451,2,874.057,-0.008711798569492998
451,2,878.097,-0.018643404188105835
451,2,878.501,-0.03319382211489826
451,2,879.711,-0.013492648495810056
451,2,880.92,0.03857115583599048
451,2,881.726,0.033216974948516324
451,2,883.336,0.038291710840619865
451,2,887.355,0.024015344167483937
451,2,890.164,0.04692882464703422
451,2,891.767,0.040768666274218074
451,2,894.968,-0.009954373487689771
451,2,898.563,0.032987120938436414
451,2,898.962,0.03269233807003727
451,2,899.361,0.03850957053485783
451,2,900.955,-0.016803305804166717
451,2,902.15,-0.03177068136628462
451,2,903.345,0.036820127531536385
451,2,903.742,-0.010142837221451002
451,2,904.14,0.04332232738211404
451,2,904.936,0.05418551003176797
451,2,905.731,0.006443636581978498
451,2,906.525,0.03131856479714579
451,2,906.923,0.02871192719054752
451,2,907.32,0.03547048988509931
451,2,907.717,0.043034127044607795
451,2,908.114,0.02835768647207555
451,2,908.511,-0.004108649764376008
451,2,908.907,0.07096831346178212
451,2,910.097,0.03564953759247025
451,2,911.682,0.05933186431754757
451,2,912.078,0.05006279202626587
451,2,912.474,0.06065466951130209
451,2,914.058,-0.0014037032322666073
451,2,915.244,-0.0048286407788414
451,2,916.034,-0.014862189022527873
451,2,917.22,0.03515331909206177
451,2,917.614,0.0422188808597544
451,2,918.009,0.044198492482473595
451,2,920.376,-0.015912646340673745
451,2,921.558,-0.0007857497663625821
451,2,922.346,0.027434077421841774
451,2,922.74,0.004778458635651079
451,2,925.1,0.04298136531959689
451,2,925.493,0.06186863882841955
451,2,926.672,0.06348059107934906
451,2,928.635,0.0535109486532172
451,2,929.027,0.050745936135128275
451,2,929.42,0.03415077157597655
451,2,929.812,0.03946611418938306
451,2,930.204,0.07507172394262912
451,2,930.596,0.05240015285323339
451,2,930.988,0.056748145299340635
451,2,931.771,0.04672853797933873
451,2,932.163,0.037133079339071576
451,2,932.554,0.028891724612857796
451,2,933.337,0.045699611303539785
451,2,934.511,0.04792158507435257
451,2,934.902,0.03732678014715727
451,2,935.684,0.0503828166885937
451,2,936.075,0.0762883227310738
451,2,936.465,0.054824551638282495
451,2,937.246,0.07707220102226682
451,2,938.027,0.059588991381529934
451,2,938.808,0.06172327868151631
451,2,939.588,0.08617296271043051
451,2,940.757,0.054408470277336855
451,2,941.147,0.10977758195854428
451,2,941.537,0.10510069535797831
451,2,941.926,0.10023566756874269
451,2,942.315,0.11953076896333217
451,2,942.705,0.04945618557825252
451,2,943.094,0.04819067430165107
451,2,943.872,0.03786984811467128
451,2,944.261,0.06437837471127905
451,2,944.65,0.052944482210326826
451,2,945.039,0.08826420666182509
451,2,945.428,0.10936692455080643
451,2,945.816,0.05344273150376064
451,2,946.205,0.08550068848576706
451,2,946.593,0.08073707539709621
451,2,946.982,0.12122738790691884
451,2,947.37,0.09890986991388345
451,2,947.758,0.09403806606716733
451,2,948.146,0.08559692455718589
451,2,948.534,0.12272394566072843
451,2,948.922,0.06568819741807717
451,2,949.31,0.04762492382615418
451,2,949.698,0.1278745430992119
451,3,462.857,0.024263878793676523
451,3,465.339,-0.011415479266377189
451,3,466.331,0.02667510589354139
451,3,468.314,0.01848205788457748
451,3,473.758,-0.020534580662145918
451,3,478.202,-0.01354081471924508
451,3,480.667,-0.009455379575328007
451,3,483.621,-0.026027674645551887
451,3,487.063,-0.04415014250372799
451,3,489.027,-0.04470829068016449
451,3,489.518,-0.014612666898985847
451,3,490.499,-0.03641814621754326
451,3,490.989,-0.0401541495537124
451,3,491.48,-0.026913370875637464
451,3,491.97,-0.05703301838607579
451,3,494.419,-0.05580560905734115
451,3,495.398,-0.021340932410174887
451,3,497.844,-0.05599930643023733
451,3,498.821,-0.12357680302545254
451,3,499.31,-0.15392946029707996
451,3,500.287,-0.11992071569445492
451,3,500.775,0.049604281735091835
451,3,501.263,-0.07109661327363716
451,3,501.751,-0.08057792040003971
451,3,502.239,-0.07114079402000786
451,3,502.727,-0.1352436271307303
451,3,503.215,-0.09820191996287865
451,3,504.19,-0.26718160644834454
451,3,504.677,0.00011506731946263714
451,3,505.164,0.08987901833522058
451,3,505.651,-0.057998361828327204
451,3,506.139,-0.12702895894555277
451,3,508.086,-0.08125924140298373
451,3,509.545,-0.09511027857234525
451,3,512.46,-0.04980315001140298
451,3,517.795,-0.019547744486225753
451,3,519.731,-0.004267931396531524
451,3,521.182,-0.016427848207396678
451,3,525.048,-0.014267111732324698
451,3,526.978,-0.020534503004606425
451,3,528.906,-0.02217924068577918
451,3,530.833,-0.015027965861748082
451,3,534.681,-0.01736815851474234
451,3,536.122,-0.025773576194663583
451,3,542.356,-0.01983043579935227
451,3,550.48,-0.0170276103756351
451,3,560.474,-0.01651330020036756
451,3,560.948,-0.015061814122305476
451,3,572.309,-0.01141096715830117
451,3,594.38,-0.010883838089112736
451,3,612.518,0.007442333880893918
451,3,612.981,0.015078937351007116
451,3,614.832,0.013369332890294055
451,3,620.375,0.018720673004398395
451,3,622.68,0.01856184266172314
451,3,623.14,0.018345433327244136
451,3,624.061,0.0262447259805528
451,3,625.442,0.03393067962953774
451,3,625.902,0.036177965643744085
451,3,626.362,0.02749602609808304
451,3,626.822,0.020179239827023746
451,3,627.742,0.03588677577561292
451,3,628.661,0.031453460362520676
451,3,629.579,0.020790613119583357
451,3,630.497,0.0388991899292473
451,3,631.874,0.022761904774231997
451,3,632.332,0.023343745749787374
451,3,632.791,0.02113734740696567
451,3,634.624,0.020859737391715392
451,3,635.082,0.029562537607433707
451,3,636.455,0.027221286659961017
451,3,637.37,0.017061500379738484
451,3,644.676,-0.027926463253906873
451,3,645.132,-0.02479869828945162
451,3,646.043,-0.049498188294639284
451,3,646.954,-0.0407256909770462
451,3,649.684,-0.04858086509884695
451,3,653.318,0.008339658776082486
451,3,657.399,0.021533653001891896
451,3,657.851,0.021597008802470005
451,3,658.757,0.03120872149093657
451,3,660.114,0.0193751855287982
451,3,660.567,0.03577686479291706
451,3,661.471,0.017905552731945096
451,3,662.826,0.017977329473479426
451,3,663.278,0.013735346855399136
451,3,664.181,0.014353413506470796
451,3,665.084,0.03046515778197132
451,3,665.535,0.021447858373928517
451,3,665.986,0.010155641609985125
451,3,668.24,0.011016819401849674
451,3,670.041,0.014968435108337744
451,3,672.74,0.009370898408049331
451,3,673.189,0.009877212845835806
451,3,673.638,0.006921820643149137
451,3,676.781,0.010408738553314733
451,3,678.126,0.010780662596679765
451,3,678.574,0.010075559745915206
451,3,679.47,0.011264010965265138
451,3,679.918,0.011358634567005593
451,3,681.709,0.015115183406566255
451,3,682.156,0.013594797071929354
451,3,683.498,0.02182055680572322
451,3,683.945,0.012390310931318961
451,3,684.392,0.020899772197196263
451,3,684.839,0.040066675893703774
451,3,685.732,0.019056818953110517
451,3,686.179,0.05511514413015816
451,3,686.625,0.04665278567103613
451,3,687.071,0.04561859988860644
451,3,687.518,0.07369043994850918
451,3,687.964,0.07023281967256059
451,3,688.41,0.07380178966926583
451,3,689.301,0.08304407409363745
451,3,689.747,0.057349967269648076
451,3,690.193,0.06415252650078204
451,3,691.084,0.03959275539934971
451,3,691.529,0.043985095925007926
451,3,691.974,0.05022032979268953
451,3,692.419,0.043072382173988275
451,3,692.864,0.04802748912511355
451,3,693.309,0.030022390334254346
451,3,693.754,0.030289045707353274
451,3,694.199,0.031940730857679615
451,3,695.977,0.019948019306197433
451,3,698.197,0.01571267013855725
451,3,701.743,0.010391513049485353
451,3,718.504,-0.015185442713018556
451,3,720.261,-0.018996227082893866
451,3,721.138,-0.0497885400980479
451,3,722.015,-0.019400613704749485
451,3,722.453,-0.024874076358142278
451,3,722.892,-0.03193581771086153
451,3,727.706,-0.06182523065044816
451,3,728.143,-0.0500901014006476
451,3,728.58,-0.03876304771389628
451,3,729.017,-0.08460002405703936
451,3,731.2,-0.08028271101228361
451,3,733.38,-0.09408684260776547
451,3,737.299,-0.06484704401321424
451,3,737.734,0.06404320760030646
451,3,738.169,-0.08611515924055058
451,3,739.907,-0.0905419750560711
451,3,741.644,0.029155095450960688
451,3,742.512,-0.06553402606092947
451,3,744.246,-0.09865976054420499
451,3,744.68,-0.05068743168698434
451,3,747.278,-0.018929487418322465
451,3,747.711,-0.12803608521112378
451,3,748.143,-0.0763485649806876
451,3,749.008,0.05078781538677822
451,3,749.441,-0.08285783985790077
451,3,750.305,0.0240848203005865
451,3,751.169,-0.1397471741467469
451,3,752.032,-0.06512814697514835
451,3,752.464,-0.12620364921002653
451,3,752.896,-0.15692951393050328
451,3,753.758,-0.10130777970842603
451,3,754.621,-0.11915277702158002
451,3,755.052,-0.10317085815121334
451,3,755.914,0.040214948998554656
451,3,756.775,0.04142083846813284
451,3,757.636,0.002066138235297069
451,3,758.927,0.08275835234808852
451,3,759.357,-0.018914909147130374
451,3,760.217,-0.03185091871214782
451,3,762.365,0.02224578809865729
451,3,763.223,0.08000874997827777
451,3,764.51,0.01855215468395335
451,3,766.225,0.03271976022502802
451,3,766.654,-0.05736080125675852
451,3,768.367,-0.08994267745275056
451,3,768.795,-0.114712108698415
451,3,769.222,0.04736564130762263
451,3,769.65,0.042455347694153156
451,3,770.078,-0.054631580159381694
451,3,771.36,0.06673685652670863
451,3,773.069,0.015023934357010453
451,3,773.496,-0.07580085084978881
451,3,773.923,-0.05195604045293975
451,3,774.349,-0.05071712959884696
451,3,774.776,-0.05909532967217595
451,3,775.203,-0.0715272852786255
451,3,776.055,-0.08832546765216509
451,3,776.482,-0.06099924778025414
451,3,776.908,-0.08839866256293759
451,3,780.314,-0.07275849992910394
451,3,781.164,0.00679203506304522
451,3,782.864,0.020555649759739517
451,3,784.138,-0.025795288627777354
451,3,784.562,-0.06569750522998848
451,3,785.835,-0.08980496661933858
451,3,786.259,-0.0638691031495841
451,3,788.802,0.009997280817676707
451,3,790.071,-0.10886720759484485
451,3,792.609,-0.015308492418252943
451,3,793.876,0.020187413183984183
451,3,795.143,0.04954651457089693
451,3,797.673,0.05253150121991194
451,3,799.358,-0.06454115589591719
451,3,799.779,-0.04111978554462195
451,3,802.303,-0.04483777196313111
451,3,803.984,0.03657222443473279
451,3,804.404,0.021226197921620626
451,3,804.824,0.025316144160952566
451,3,805.664,0.040975838909415946
451,3,806.503,0.030419757010676104
451,3,807.342,-0.024274290726772466
451,3,807.761,-0.038282517984603116
451,3,808.599,-0.05141670885544007
451,3,809.856,-0.053656064690366066
451,3,810.693,-0.03127929967265298
451,3,811.53,0.04251410322760548
451,3,812.785,0.01923625180679881
451,3,813.203,0.029573037962375526
451,3,816.544,0.01820510533140847
451,3,817.378,0.08316180480735592
451,3,817.795,0.014655881222150844
451,3,818.629,0.05666824421914755
451,3,819.462,-0.04051855046843483
451,3,823.624,0.03678731951520701
451,3,824.039,-0.0267013312690582
451,3,824.455,0.04031441219357288
451,3,824.87,-0.04324185349170834
451,3,826.116,-0.0443544192409153
451,3,833.573,-0.014820008567309698
451,3,836.465,-0.002902765126491879
451,3,837.703,-0.01427693787175977
451,3,838.116,-0.013563065395928425
451,3,838.94,0.02842223006485524
451,3,841.0,-0.043681098650656856
451,3,844.703,0.03965731330676325
451,3,847.988,-0.015773657279893587
451,3,849.628,-0.026691408631166764
451,3,853.313,-0.035249757703811696
451,3,854.54,-0.027366941985943402
451,3,854.949,-0.04936595471805398
451,3,855.766,-0.01007478814414303
451,3,856.174,-0.03319086724829539
451,3,856.583,-0.014766420302504345
451,3,856.991,-0.0235152337977596
451,3,857.399,0.04787118517878788
451,3,857.807,-0.013151153623842922
451,3,858.623,0.06715584118374525
451,3,859.846,-0.0034412620605322607
451,3,861.069,0.0056354750081245115
451,3,862.29,-0.041265956298017235
451,3,863.104,-0.016626107956126797
451,3,865.138,-0.053256029308712934
451,3,865.544,-0.0355943249797751
451,3,870.819,-0.029256875442230327
451,3,871.629,-0.018676801157199316
451,3,878.501,-0.03421195727018959
451,3,879.711,-0.013384148437725127
451,3,881.726,0.036044617197731145
451,3,883.336,0.04137101267582174
451,3,887.355,0.02626093257347679
451,3,890.164,0.05048144224793067
451,3,898.563,0.03573367997475039
451,3,898.962,0.03538291222662147
451,3,899.361,0.041557841760279136
451,3,900.955,-0.016950304040991168
451,3,902.15,-0.032769425807976205
451,3,903.345,0.03972336970698602
451,3,903.742,-0.00992821704549549
451,3,904.936,0.05812411709078994
451,3,906.525,0.03391167908764633
451,3,907.32,0.03824369929134898
451,3,907.717,0.04626081087341142
451,3,908.114,0.030767818107787292
451,3,908.511,-0.0035493295534110686
451,3,908.907,0.07583600586837633
451,3,911.682,0.06350968056526245
451,3,912.078,0.053759633793964964
451,3,912.474,0.06493870145591311
451,3,916.034,-0.014905088065542492
451,3,917.22,0.03788541477732979
451,3,917.614,0.04538097308381711
451,3,918.009,0.04750030058360609
451,3,921.558,-4.181680238612475e-05
451,3,922.346,0.02969454819239829
451,3,925.1,0.046145903743574905
451,3,925.493,0.06611447611383552
451,3,926.672,0.0678133362482237
451,3,928.635,0.05725370449220048
451,3,929.027,0.05435326621571334
451,3,929.42,0.036845482496525264
451,3,929.812,0.04239763110437511
451,3,930.204,0.08011697919537265
451,3,930.596,0.05613636082451106
451,3,930.988,0.06071992468255808
451,3,931.771,0.0501637983965026
451,3,932.163,0.03996936759380231
451,3,933.337,0.049023703936039324
451,3,934.511,0.051297580656791394
451,3,935.684,0.05396938174402031
451,3,936.075,0.08136963809619739
451,3,936.465,0.05869911778538068
451,3,937.246,0.08223719449086625
451,3,938.027,0.06372729237980741
451,3,938.808,0.06595506719338896
451,3,939.588,0.09182528765067378
451,3,940.757,0.05820214215813196
451,3,941.147,0.11673771359670043
451,3,941.537,0.11177798151242115
451,3,941.926,0.10663417251455364
451,3,942.315,0.12698436590563672
451,3,942.705,0.0529222002146234
451,3,943.094,0.051569385466987784
451,3,943.872,0.0406650087237367
451,3,944.261,0.06871435574789661
451,3,944.65,0.05655845665200215
451,3,945.039,0.09396121208951135
451,3,945.428,0.11628123475874896
451,3,945.816,0.057194978644224556
451,3,946.205,0.0910393754064911
451,3,946.593,0.08603988233403724
451,3,946.982,0.12876629485643631
451,3,947.37,0.10519067799577791
451,3,947.758,0.10008439786441534
451,3,948.146,0.09109939556617512
451,3,948.534,0.13033079010319043
451,3,948.922,0.07005675836229909
451,3,949.31,0.05100695655194962
451,3,949.698,0.1357528368905747
451,4,462.857,0.026748316404393638
451,4,473.758,-0.021378095746438494
451,4,483.621,-0.02720591025551542
451,4,487.063,-0.04664994730912227
451,4,489.027,-0.047250936534246474
451,4,489.518,-0.014852836269768802
451,4,490.499,-0.03834729969575672
451,4,490.989,-0.04241660594002507
451,4,491.97,-0.060460652912058245
451,4,494.419,-0.059225542103886086
451,4,495.398,-0.02225552833534744
451,4,497.844,-0.059565439010776294
451,4,498.821,-0.1323139617458462
451,4,499.31,-0.16492535953952508
451,4,500.287,-0.1287726754255558
451,4,500.775,0.0534084816339564
451,4,501.263,-0.07662315275940004
451,4,501.751,-0.08705932598935447
451,4,502.239,-0.0771915753656633
451,4,502.727,-0.14647165829069297
451,4,503.215,-0.10661374500234264
451,4,504.19,-0.28883782638127486
451,4,504.677,-0.0015060381611114186
451,4,505.164,0.09440843039282348
451,4,505.651,-0.06410641036627586
451,4,506.139,-0.13814823774529686
451,4,508.086,-0.08886495994400938
451,4,509.545,-0.10342012032315528
451,4,512.46,-0.05432825680741824
451,4,517.795,-0.021322486488028883
451,4,519.731,-0.004784814521751024
451,4,526.978,-0.02203008555880101
451,4,528.906,-0.023772383151638522
451,4,530.833,-0.016054812380949957
451,4,534.681,-0.018506658351261966
451,4,536.122,-0.027539456349913678
451,4,542.356,-0.021138299846796514
451,4,572.309,-0.012324180622538034
451,4,612.981,0.015181636890955417
451,4,614.832,0.013215860262612202
451,4,620.375,0.018705900168677448
451,4,622.68,0.01848780326836062
451,4,623.14,0.018185525434844786
451,4,624.061,0.02669405519737363
451,4,625.442,0.03489365825119939
451,4,625.902,0.03725921629261835
451,4,626.362,0.027949934436135377
451,4,627.742,0.03695445836575597
451,4,628.661,0.03215173334506665
451,4,629.579,0.020656161879177303
451,4,630.497,0.04012762720490798
451,4,631.874,0.022736461263318304
451,4,632.332,0.023374831992699754
451,4,632.791,0.020968246945076274
451,4,635.082,0.029920174015663305
451,4,636.455,0.02729855638352946
451,4,637.37,0.016272796395881216
451,4,649.684,-0.055423058865947374
451,4,653.318,0.006005709979049481
451,4,657.399,0.020734094391079615
451,4,657.851,0.020875796547566616
451,4,658.757,0.03139317053770401
451,4,660.114,0.019013003497288284
451,4,660.567,0.03676700454375952
451,4,661.471,0.017831797897082627
451,4,662.826,0.018266592894248163
451,4,663.278,0.013811021981341732
451,4,664.181,0.014670084315708324
451,4,665.084,0.03212928445127557
451,4,665.535,0.022516117531526054
451,4,665.986,0.010488591598211555
451,4,668.24,0.011657375724439634
451,4,670.041,0.01604305993019658
451,4,672.74,0.010153317605053206
451,4,673.189,0.010751456330528672
451,4,673.638,0.007573865463770823
451,4,676.781,0.011446550642505424
451,4,679.47,0.012458215266102399
451,4,679.918,0.012599868117371875
451,4,681.709,0.016636059451052863
451,4,682.156,0.014981359710564418
451,4,683.945,0.013619271854017252
451,4,684.392,0.02269559953732323
451,4,684.839,0.04322817575532858
451,4,685.732,0.020476823255594166
451,4,686.179,0.05902508179485261
451,4,686.625,0.04978112043548782
451,4,687.071,0.048434299396174905
451,4,687.518,0.07837483278766515
451,4,687.964,0.07439251219479263
451,4,688.41,0.07805782643212986
451,4,689.301,0.08764670091734748
451,4,689.747,0.05999925824356564
451,4,690.193,0.06732569661846333
451,4,691.084,0.04110264701033141
451,4,691.529,0.04580967721119423
451,4,691.974,0.052665051739191504
451,4,692.419,0.045076144667848886
451,4,692.864,0.05050249190928905
451,4,693.309,0.031204757493692344
451,4,694.199,0.033431940980974274
451,4,695.977,0.020762880517093952
451,4,698.197,0.01637468463109437
451,4,701.743,0.010893953400746049
451,4,720.261,-0.0190962481766976
451,4,721.138,-0.052051587159524564
451,4,722.015,-0.01921215982483183
451,4,722.453,-0.025031907129634715
451,4,722.892,-0.0324485336491187
451,4,727.706,-0.06335240402444772
451,4,728.143,-0.05058560531585284
451,4,728.58,-0.03828696089821205
451,4,729.017,-0.0873185219972692
451,4,731.2,-0.08199973934580271
451,4,733.38,-0.09591020174690024
451,4,737.299,-0.06343820054198601
451,4,737.734,0.07462216175459213
451,4,738.169,-0.08626575988917887
451,4,739.907,-0.09063192342468493
451,4,742.512,-0.06321069438551044
451,4,744.246,-0.09870672859441029
451,4,744.68,-0.04727878274365938
451,4,747.278,-0.013363887030740812
451,4,747.711,-0.13042120383584738
451,4,748.143,-0.07492902694276299
451,4,749.008,0.06105069223690564
451,4,749.441,-0.0822411571739283
451,4,750.305,0.03252055484434434
451,4,751.169,-0.14329856515640846
451,4,752.032,-0.06345782667959751
451,4,752.464,-0.12904993740273762
451,4,752.896,-0.16224650546921263
451,4,753.758,-0.1025171648296134
451,4,754.621,-0.1221300650335299
451,4,755.052,-0.1050867105099116
451,4,755.914,0.0488435383071903
451,4,756.775,0.04989413241952397
451,4,758.927,0.09395356813236963
451,4,759.357,-0.015234344019925936
451,4,762.365,0.02853602144875821
451,4,763.223,0.09010835143235445
451,4,764.51,0.024196797250891522
451,4,766.225,0.038875264875794936
451,4,768.367,-0.09284437414526207
451,4,768.795,-0.1196322614734876
451,4,769.222,0.054431518004933475
451,4,769.65,0.049267872583208736
451,4,770.078,-0.05519648276949997
451,4,771.36,0.07500801185605237
451,4,773.069,0.01918900763693693
451,4,773.496,-0.07836775216785288
451,4,773.923,-0.052938917935787456
451,4,774.776,-0.06049895222227831
451,4,775.203,-0.07395152318940562
451,4,776.055,-0.09237288221231478
451,4,776.482,-0.06293210669962071
451,4,780.314,-0.07573418644840026
451,4,781.164,0.009815823742401367
451,4,782.864,0.02441839941833395
451,4,784.138,-0.02544719998845467
451,4,784.562,-0.06856091806945927
451,4,785.835,-0.09443861501262055
451,4,786.259,-0.06646221143440446
451,4,788.802,0.012485556884026024
451,4,790.071,-0.11540246451812193
451,4,792.609,-0.014845063126769916
451,4,795.143,0.054788402413951796
451,4,797.673,0.05786492480125328
451,4,799.358,-0.06806475590399456
451,4,799.779,-0.04277872602175673
451,4,802.303,-0.04703058986160202
451,4,803.984,0.04061335905018906
451,4,804.404,0.024042143034460024
451,4,805.664,0.04532429714358285
451,4,806.503,0.03385407393497327
451,4,807.342,-0.024736851089725717
451,4,807.761,-0.04018430899318578
451,4,808.599,-0.05413508335549371
451,4,809.856,-0.05665183976610885
451,4,810.693,-0.03253708875738787
451,4,811.53,0.04679257629364944
451,4,813.203,0.032769861502306555
451,4,816.544,0.020481082667350516
451,4,817.378,0.09038380420604082
451,4,817.795,0.016668687072447057
451,4,818.629,0.06190799177690619
451,4,819.462,-0.04269908563070232
451,4,823.624,0.04032086023908053
451,4,824.039,-0.027951464563400235
451,4,824.455,0.044071622350219934
451,4,824.87,-0.04584572867808762
451,4,826.116,-0.04706006116451189
451,4,833.573,-0.015461050334468686
451,4,837.703,-0.01496649869629429
451,4,838.116,-0.01405771362925759
451,4,841.0,-0.046575001861650284
451,4,844.703,0.04301048779592605
451,4,847.988,-0.016699408370435757
451,4,849.628,-0.02841787283379528
451,4,853.313,-0.037804674516331384
451,4,854.54,-0.029269397946412316
451,4,854.949,-0.05286581036059701
451,4,856.174,-0.0355185876374221
451,4,856.583,-0.015725920977868006
451,4,857.399,0.051642123970498506
451,4,857.807,-0.01406706855992838
451,4,858.623,0.07224993472593257
451,4,859.846,-0.0034835545590304355
451,4,862.29,-0.04429505995597685
451,4,865.138,-0.057231296741185
451,4,865.544,-0.0382191317821035
451,4,870.819,-0.03148684659497486
451,4,871.629,-0.020109683855377296
451,4,878.501,-0.037011855706208345
451,4,879.711,-0.014521099931630536
451,4,881.726,0.03864460270998938
451,4,887.355,0.02802369633037286
451,4,890.164,0.05403184497717711
451,4,898.563,0.03814929467002296
451,4,898.962,0.03774653997395217
451,4,902.15,-0.03556312293252496
451,4,903.345,0.04235337321847133
451,4,904.936,0.06217538417600821
451,4,906.525,0.03608938363331803
451,4,907.32,0.04067118731701299
451,4,907.717,0.04935966531626914
451,4,908.114,0.03270396875352406
451,4,908.511,-0.004125761593257635
451,4,908.907,0.08120947019263788
451,4,911.682,0.06791837141317626
451,4,912.078,0.05745069702114524
451,4,912.474,0.06947758581163097
451,4,916.034,-0.01643191388425505
451,4,917.22,0.04032783804636839
451,4,917.614,0.04834174859706809
451,4,918.009,0.05073281746225669
451,4,921.558,-0.0004222162348157676
451,4,925.1,0.049151554172215395
451,4,925.493,0.07067804065385402
451,4,926.672,0.0724132085096142
451,4,928.635,0.06102897592762874
451,4,929.027,0.05806611846864976
451,4,929.42,0.03924528426785444
451,4,929.812,0.045114503957669916
451,4,930.204,0.08578719767121774
451,4,930.596,0.059964678229954826
451,4,931.771,0.053547654460016816
451,4,933.337,0.05221605445618519
451,4,934.511,0.05469559130114534
451,4,935.684,0.057583522512143784
451,4,936.075,0.0871505119533561
451,4,936.465,0.06271440170096904
451,4,937.246,0.08802674602250164
451,4,938.027,0.06809557313009648
451,4,938.808,0.07053326755189604
451,4,939.588,0.0983711839988503
451,4,940.757,0.06223860345932567
451,4,941.147,0.1251487041514308
451,4,941.537,0.11967509511736953
451,4,941.926,0.1143595417691704
451,4,942.315,0.13625590687638964
451,4,942.705,0.05655246378865603
451,4,943.094,0.05508418708195007
451,4,943.872,0.043221724477926556
451,4,944.261,0.07354047212986588
451,4,944.65,0.0602299919670209
451,4,945.039,0.10076702889981518
451,4,945.428,0.1246296351669544
451,4,945.816,0.06117662390137424
451,4,946.205,0.09750262121572738
451,4,946.593,0.09225008782046615
451,4,946.982,0.13802371311954878
451,4,947.37,0.11278747489223043
451,4,947.758,0.10727750976485351
451,4,948.146,0.09745173406434884
451,4,948.534,0.13974886152121596
451,4,948.922,0.07488649700964661
451,4,949.31,0.05443799893039461
451,4,949.698,0.14566385316303898
451,5,473.758,-0.022864765438520954
451,5,487.063,-0.049637227955727725
451,5,489.027,-0.05033124863213645
451,5,489.518,-0.01613985698084197
451,5,490.499,-0.04095326730240014
451,5,490.989,-0.045333266756676587
451,5,491.97,-0.06437378801951026
451,5,494.419,-0.06321220088308357
451,5,497.844,-0.06388681368495217
451,5,498.821,-0.14067394498684913
451,5,499.31,-0.17516058491351572
451,5,500.287,-0.13707142633755975
451,5,500.775,0.055261703443140006
451,5,501.263,-0.0821904745685465
451,5,501.751,-0.09301907084654636
451,5,502.239,-0.08240411754463021
451,5,502.727,-0.1555755774696182
451,5,503.215,-0.11333416937730016
451,5,504.19,-0.3049841871537927
451,5,505.164,0.09962129528324914
451,5,505.651,-0.06720604639323226
451,5,506.139,-0.14518946151121018
451,5,508.086,-0.09286534009738237
451,5,509.545,-0.10823965597737985
451,5,512.46,-0.05634969801404588
451,5,517.795,-0.021587714694096472
451,5,526.978,-0.022339307256117186
451,5,528.906,-0.024188364838710556
451,5,530.833,-0.016051518879426515
451,5,534.681,-0.018624596408780378
451,5,536.122,-0.028146622840365374
451,5,542.356,-0.02138591562081556
451,5,572.309,-0.012177236758198534
451,5,612.981,0.016557395911783027
451,5,614.832,0.01442739915624062
451,5,620.375,0.020100298385329257
451,5,622.68,0.019817911867572428
451,5,623.14,0.019473759163443873
451,5,624.061,0.028466367653040375
451,5,625.442,0.03708943351485566
451,5,625.902,0.03955612289994123
451,5,626.362,0.02975303923944021
451,5,628.661,0.034163232306240444
451,5,629.579,0.021998964381532114
451,5,631.874,0.024170258638740578
451,5,632.332,0.02484986815839194
451,5,632.791,0.02228400854802627
451,5,635.082,0.031696481487713826
451,5,636.455,0.028861898517699592
451,5,653.318,0.0045138961718264176
451,5,657.399,0.019975752296607356
451,5,657.851,0.020123301556938537
451,5,658.757,0.03122467290019331
451,5,660.114,0.018264978718965156
451,5,660.567,0.036979626683021856
451,5,661.471,0.01713280932984477
451,5,662.826,0.017742019353922344
451,5,663.278,0.013077430482636316
451,5,664.181,0.01409987860177919
451,5,665.084,0.03257396099789882
451,5,665.535,0.02248083588904262
451,5,665.986,0.009832463520279416
451,5,668.24,0.011223424432773743
451,5,672.74,0.0098317853014415
451,5,673.189,0.010468717427489421
451,5,673.638,0.007119810692972694
451,5,676.781,0.01123979126221469
451,5,679.47,0.01234378913472594
451,5,679.918,0.012504307257787466
451,5,681.709,0.016733706894083367
451,5,682.156,0.014992344805024479
451,5,683.945,0.013492634109522974
451,5,684.392,0.02297738294491393
451,5,684.839,0.044617197536934494
451,5,685.732,0.020566251453754958
451,5,686.179,0.06117166815150533
451,5,686.625,0.05140196444380855
451,5,687.071,0.04993955982381571
451,5,687.518,0.0815823711354705
451,5,687.964,0.07740514691321372
451,5,688.41,0.08143911320039542
451,5,689.301,0.09181360329002913
451,5,689.747,0.06281857523776586
451,5,690.193,0.07071207065819163
451,5,691.084,0.04333267714194421
451,5,691.529,0.04836884877216829
451,5,691.974,0.055727786131649776
451,5,692.419,0.047778519685919583
451,5,692.864,0.053585239621514895
451,5,693.309,0.03326268635146381
451,5,694.199,0.03567856029874555
451,5,695.977,0.02243877105968086
451,5,698.197,0.01791602955551245
451,5,720.261,-0.017867946683665793
451,5,721.138,-0.05249948935277683
451,5,722.015,-0.017769518205509614
451,5,722.453,-0.023838723284492443
451,5,722.892,-0.03157710646016684
451,5,727.706,-0.06345395562400158
451,5,728.143,-0.04987267805361346
451,5,728.58,-0.03686640926528212
451,5,729.017,-0.0883565794182706
451,5,731.2,-0.08254476867548838
451,5,733.38,-0.09692387481348547
451,5,737.299,-0.0626913631959183
451,5,737.734,0.08264440134524123
451,5,738.169,-0.08680369542025436
451,5,739.907,-0.09159703515141657
451,5,742.512,-0.06304011994635382
451,5,744.246,-0.10072829001801945
451,5,744.68,-0.04647727572699926
451,5,747.711,-0.13492467609771572
451,5,748.143,-0.07656321245706457
451,5,749.008,0.06633146767169433
451,5,749.441,-0.08461980560442525
451,5,750.305,0.03611191197258395
451,5,751.169,-0.14930211184875047
451,5,752.032,-0.06540789339138811
451,5,752.464,-0.134746791439314
451,5,752.896,-0.17006076607554252
451,5,753.758,-0.10702625282811774
451,5,754.621,-0.12803215235811613
451,5,755.052,-0.11024570102901544
451,5,755.914,0.0520335676170278
451,5,756.775,0.053009595659406876
451,5,758.927,0.09913774068602967
451,5,759.357,-0.01607267867634525
451,5,762.365,0.029772466286807565
451,5,763.223,0.09434603317149393
451,5,764.51,0.024882253045640217
451,5,766.225,0.03998479900684887
451,5,768.367,-0.0989463542217981
451,5,768.795,-0.12731039125164903
451,5,769.222,0.0562291025143404
451,5,769.65,0.05089985402715231
451,5,771.36,0.07790698556594149
451,5,773.069,0.018796205785294277
451,5,773.496,-0.08414746116365081
451,5,773.923,-0.0573884001554604
451,5,774.776,-0.06534736710258525
451,5,775.203,-0.07952369508914063
451,5,776.055,-0.09908917958572347
451,5,780.314,-0.08170440652259028
451,5,781.164,0.008560821246780606
451,5,782.864,0.023910595803488723
451,5,784.562,-0.07422370212050348
451,5,785.835,-0.10148052929522629
451,5,786.259,-0.07197287087324031
451,5,788.802,0.011175155918403642
451,5,790.071,-0.12377778043386498
451,5,792.609,-0.01774305166474525
451,5,795.143,0.05569819326601631
451,5,797.673,0.058862581675048584
451,5,799.358,-0.07393192391818106
451,5,799.779,-0.0472179648252297
451,5,802.303,-0.05186420609311876
451,5,803.984,0.04067129799735144
451,5,805.664,0.04566238085739548
451,5,806.503,0.03346384678406322
451,5,807.342,-0.02821841900185101
451,5,808.599,-0.059311503784324274
451,5,809.856,-0.06200420106360876
451,5,810.693,-0.036577998966869675
451,5,811.53,0.04721688969217681
451,5,813.203,0.03231779601816952
451,5,816.544,0.019305421359981145
451,5,817.378,0.0931287487539248
451,5,817.795,0.015301074707427684
451,5,818.629,0.06303079881774186
451,5,819.462,-0.04737366587465835
451,5,823.624,0.04020383906777027
451,5,824.455,0.044230465933329605
451,5,824.87,-0.05071084766256142
451,5,826.116,-0.052003594963909536
451,5,833.573,-0.018665630743216484
451,5,838.116,-0.017159099927979225
451,5,841.0,-0.05149352816701311
451,5,844.703,0.04301873011629943
451,5,847.988,-0.019990020859874526
451,5,849.628,-0.03237287104585053
451,5,853.313,-0.042263068604490445
451,5,854.54,-0.03322284149944249
451,5,854.949,-0.058064062331753104
451,5,856.174,-0.039820780167652274
451,5,856.583,-0.01892576876684329
451,5,857.399,0.05210475452245774
451,5,858.623,0.07386593276279695
451,5,859.846,-0.0059855535099352375
451,5,862.29,-0.049062648556583016
451,5,865.138,-0.06268545534648637
451,5,865.544,-0.04265984464301763
451,5,870.819,-0.035501456553814974
451,5,871.629,-0.023511768067557785
451,5,878.501,-0.041365563206243676
451,5,881.726,0.03851632755266483
451,5,887.355,0.027261619572597245
451,5,890.164,0.054697974379682233
451,5,898.563,0.0379566842102698
451,5,898.962,0.03759808411976453
451,5,902.15,-0.03974156700940768
451,5,903.345,0.04240836666620206
451,5,904.936,0.06337390363210427
451,5,906.525,0.0358048658927545
451,5,907.32,0.04059341496976269
451,5,907.717,0.04979659996302512
451,5,908.511,-0.006635038372033702
451,5,908.907,0.08340628164957294
451,5,911.682,0.06941853692114162
451,5,912.078,0.058382020485688246
451,5,912.474,0.07106826420761239
451,5,917.614,0.048764350787399
451,5,918.009,0.0512466385135922
451,5,925.493,0.07238988548754872
451,5,926.672,0.07411713466203455
451,5,928.635,0.06213890523726388
451,5,929.027,0.05909453768662281
451,5,929.42,0.03921596905313802
451,5,929.812,0.045408577224045385
451,5,930.204,0.08830096847302656
451,5,930.596,0.061016565509455355
451,5,931.771,0.054300178570398996
451,5,933.337,0.052903951027991676
451,5,934.511,0.055452115534461235
451,5,935.684,0.05857240334229512
451,5,936.075,0.0897091467414969
451,5,936.465,0.06407622153598624
451,5,937.246,0.09072327828638808
451,5,938.027,0.06974638167059136
451,5,938.808,0.07229111445144172
451,5,939.588,0.10177682463584478
451,5,940.757,0.0634999959215517
451,5,941.147,0.13001408685603058
451,5,941.537,0.12420826418157503
451,5,941.926,0.11866772905400191
451,5,942.315,0.14171287805882743
451,5,942.705,0.057546364873145905
451,5,943.094,0.05599060415519705
451,5,943.872,0.04342526874156504
451,5,944.261,0.07546808031678648
451,5,944.65,0.061289078054082735
451,5,945.039,0.10429735742875915
451,5,945.428,0.1295447750855234
451,5,945.816,0.06257737302570611
451,5,946.205,0.10087045501791933
451,5,946.593,0.09526877482103624
451,5,946.982,0.14359709879184165
451,5,947.37,0.11702814280037631
451,5,947.758,0.11120351932227207
451,5,948.146,0.10070475050443962
451,5,948.534,0.14544793128067876
451,5,948.922,0.0768035263836844
451,5,949.31,0.05532263214900718
451,5,949.698,0.15169457471079503
451,6,487.063,-0.05149132058493079
451,6,489.027,-0.05213143339033784
451,6,489.518,-0.016393754807303474
451,6,490.499,-0.04237117418064104
451,6,491.97,-0.06670100400429031
451,6,494.419,-0.0653934170469911
451,6,497.844,-0.06572965539915303
451,6,498.821,-0.14602653869510232
451,6,499.31,-0.18185565022110836
451,6,500.287,-0.1422049357761029
451,6,500.775,0.05855702952672525
451,6,501.263,-0.08482165161131074
451,6,501.751,-0.09646575238312852
451,6,502.239,-0.08552652415854087
451,6,502.727,-0.1619304239712489
451,6,503.215,-0.1180759486491031
451,6,504.19,-0.3180376968832781
451,6,505.164,0.10379484453261932
451,6,505.651,-0.07072193597942492
451,6,506.139,-0.15228447087787697
451,6,508.086,-0.09784256173798848
451,6,509.545,-0.11380914465356057
451,6,512.46,-0.05961606295576175
451,6,517.795,-0.02325205035344054
451,6,528.906,-0.02587975227966033
451,6,530.833,-0.01737835058216399
451,6,572.309,-0.013315022672945173
451,6,612.981,0.01674188910894024
451,6,622.68,0.02026321286534339
451,6,623.14,0.0199072214589106
451,6,624.061,0.029266786936002393
451,6,625.442,0.03827711710643014
451,6,625.902,0.04085857076278307
451,6,626.362,0.03063396770658863
451,6,628.661,0.03522973341331907
451,6,629.579,0.022571652623313846
451,6,631.874,0.024868541104171245
451,6,632.332,0.025547364595287204
451,6,635.082,0.032709178553494644
451,6,636.455,0.02978832512511094
451,6,653.318,0.005770666176372029
451,6,657.399,0.022055633846370937
451,6,657.851,0.022220455537791662
451,6,658.757,0.03385390843479416
451,6,660.114,0.020313838644808374
451,6,660.567,0.03984333562282352
451,6,661.471,0.019039912189942918
451,6,662.826,0.01966063610945293
451,6,664.181,0.015766767783761286
451,6,665.084,0.03504231374213042
451,6,665.535,0.024483048229524882
451,6,665.986,0.011247143004533921
451,6,668.24,0.012650422863522928
451,6,672.74,0.01114127904837815
451,6,673.189,0.011804883986331519
451,6,673.638,0.008314990807277201
451,6,679.918,0.01408065860915156
451,6,681.709,0.01859101548265127
451,6,684.392,0.025382193582134442
451,6,684.839,0.0480384204747882
451,6,685.732,0.023090412503761024
451,6,686.179,0.06550677105992057
451,6,686.625,0.0553783682253494
451,6,687.071,0.05389985974330574
451,6,687.518,0.08691984892202921
451,6,687.964,0.08250902389936818
451,6,688.41,0.08654549905940313
451,6,689.301,0.09700281436778743
451,6,689.747,0.06649380753389818
451,6,690.193,0.07449441747749144
451,6,691.084,0.045588131803191274
451,6,691.529,0.050696866702147174
451,6,691.974,0.0582475246596059
451,6,692.419,0.0498768613085018
451,6,692.864,0.05585802241262718
451,6,693.309,0.034578793759266015
451,6,694.199,0.037039855517688736
451,6,695.977,0.023069847678889237
451,6,698.197,0.018247240906746818
451,6,720.261,-0.02002380202970885
451,6,721.138,-0.05620776778794477
451,6,722.015,-0.020035381178435317
451,6,722.453,-0.02635991559522015
451,6,727.706,-0.0680676690643466
451,6,728.143,-0.05389654544761247
451,6,728.58,-0.040406332556105526
451,6,729.017,-0.09421211555686931
451,6,731.2,-0.088157571686369
451,6,733.38,-0.10322256825363411
451,6,737.299,-0.06720097094439238
451,6,737.734,0.08466487344342832
451,6,738.169,-0.09242853170090602
451,6,739.907,-0.09720714789273531
451,6,742.512,-0.06713532697105314
451,6,744.246,-0.10625592048592214
451,6,744.68,-0.04964936142774804
451,6,747.711,-0.14141256162456173
451,6,748.143,-0.08044467413657012
451,6,749.008,0.06904054637950867
451,6,749.441,-0.08855717667536277
451,6,750.305,0.03761596147847374
451,6,751.169,-0.15605384816067183
451,6,752.032,-0.06820603607345255
451,6,752.464,-0.14056814083168775
451,6,752.896,-0.17712226770749706
451,6,753.758,-0.11143513677342723
451,6,754.621,-0.13337335971920974
451,6,755.052,-0.11461381367590538
451,6,755.914,0.054851636494187964
451,6,756.775,0.05589722871626474
451,6,758.927,0.1040913586560558
451,6,759.357,-0.01619025956200184
451,6,762.365,0.031953570751003246
451,6,763.223,0.09963355820657496
451,6,764.51,0.02694282352461472
451,6,766.225,0.04302845255326591
451,6,768.367,-0.10211341477239397
451,6,768.795,-0.13164230265986138
451,6,769.222,0.059940889521201426
451,6,771.36,0.08253075633576654
451,6,773.069,0.020989314082273097
451,6,773.496,-0.08646480950710356
451,6,773.923,-0.058427871489291947
451,6,774.776,-0.06685083247981036
451,6,775.203,-0.08169074746880074
451,6,776.055,-0.10200575847339143
451,6,780.314,-0.08371491818662803
451,6,781.164,0.010478232227456826
451,6,782.864,0.02650854766477687
451,6,784.562,-0.07597312576273248
451,6,785.835,-0.10453482836545049
451,6,786.259,-0.0737494404436618
451,6,788.802,0.013139907316279554
451,6,790.071,-0.12764056714085342
451,6,792.609,-0.016964825847051633
451,6,795.143,0.05971129239511939
451,6,797.673,0.06306117120127491
451,6,799.358,-0.07567268296282874
451,6,799.779,-0.047824008932935036
451,6,802.303,-0.05247502606944469
451,6,803.984,0.044034405411989615
451,6,805.664,0.0491320749572232
451,6,806.503,0.03653573547849296
451,6,807.342,-0.027887463443187755
451,6,808.599,-0.06036966691414565
451,6,809.856,-0.063134495544021
451,6,810.693,-0.0365698400007194
451,6,811.53,0.05076455818258577
451,6,813.203,0.035332429080964116
451,6,816.544,0.02182904847268716
451,6,817.378,0.09874643747162476
451,6,817.795,0.017561537873909676
451,6,818.629,0.06736863378904054
451,6,823.624,0.04357568450296173
451,6,824.455,0.04766538552573218
451,6,826.116,-0.05271703678233784
451,6,833.573,-0.01790973000350546
451,6,838.116,-0.01638841489549062
451,6,841.0,-0.05219931147540323
451,6,844.703,0.04645777794918631
451,6,849.628,-0.03223283997838703
451,6,853.313,-0.04252953561475657
451,6,854.54,-0.033186650668048955
451,6,854.949,-0.059142618022267925
451,6,856.174,-0.040060553292333746
451,6,856.583,-0.01827147289042702
451,6,857.399,0.05594271273393739
451,6,858.623,0.07861255603636502
451,6,862.29,-0.04969472458479881
451,6,865.138,-0.06397983370536063
451,6,870.819,-0.03568962574006725
451,6,871.629,-0.023131286926661682
451,6,878.501,-0.04169293955284558
451,6,881.726,0.04154886550999638
451,6,887.355,0.029876011558779832
451,6,890.164,0.05849843952749024
451,6,898.563,0.040987255077179076
451,6,902.15,-0.04014664430180406
451,6,903.345,0.045613756235883214
451,6,904.936,0.0674550519145785
451,6,906.525,0.03873375580268401
451,6,907.717,0.053349829208061125
451,6,908.907,0.08842486196800126
451,6,911.682,0.07377026325858226
451,6,912.078,0.06220884375965389
451,6,912.474,0.07547298403205129
451,6,917.614,0.05221771222665865
451,6,918.009,0.054873536863634116
451,6,925.493,0.07682864951962895
451,6,926.672,0.07877388985647225
451,6,928.635,0.06621174130124151
451,6,929.027,0.0629495061441153
451,6,929.42,0.04218617017802298
451,6,929.812,0.048696073280039
451,6,930.204,0.09339946282463443
451,6,930.596,0.0650002501966069
451,6,933.337,0.056480523699052404
451,6,934.511,0.05920504014631685
451,6,935.684,0.06233438721158241
451,6,936.075,0.09493509654335432
451,6,936.465,0.0680315248773055
451,6,937.246,0.09584014148571861
451,6,938.027,0.0739763242430293
451,6,938.808,0.07666174336104528
451,6,939.588,0.10728505110106984
451,6,940.757,0.06753620556387055
451,6,941.147,0.1368183792631324
451,6,941.537,0.13084566476807322
451,6,941.926,0.124945586702628
451,6,942.315,0.14907192313811476
451,6,942.705,0.06127326401116704
451,6,943.872,0.046575311584225176
451,6,944.261,0.08001503763826623
451,6,944.65,0.06528039004972422
451,6,945.039,0.11002324911214621
451,6,945.428,0.13621400438799444
451,6,946.205,0.10641405727242984
451,6,946.593,0.10056640083519144
451,6,946.982,0.1510687158902324
451,6,947.37,0.12329094848269745
451,6,947.758,0.11710960178530865
451,6,948.146,0.10632343293307886
451,6,948.534,0.15296019556697923
451,6,948.922,0.0814017289426546
451,6,949.31,0.05893895806131438
451,6,949.698,0.15949659654327425
451,7,487.063,-0.056006151364734524
451,7,489.027,-0.05671395190362983
451,7,490.499,-0.04634758224167152
451,7,491.97,-0.07242574862743824
451,7,494.419,-0.07121168504979669
451,7,497.844,-0.07158405305823741
451,7,498.821,-0.15826737486482167
451,7,499.31,-0.19682643926982046
451,7,500.287,-0.1544303582604639
451,7,500.775,0.06132039989435453
451,7,501.263,-0.09314224094824311
451,7,501.751,-0.10565405363240783
451,7,502.239,-0.09366648289245343
451,7,502.727,-0.17592027929646867
451,7,503.215,-0.1290026564336881
451,7,504.19,-0.34190456620930515
451,7,505.164,0.11070840112184811
451,7,505.651,-0.0764941174241162
451,7,506.139,-0.16405049312384537
451,7,508.086,-0.10483098563380258
451,7,509.545,-0.12177139472919664
451,7,512.46,-0.06330998574619359
451,7,517.795,-0.02427115767695555
451,7,528.906,-0.02700438043898248
451,7,530.833,-0.017881538094791333
451,7,572.309,-0.013594144145515522
451,7,612.981,0.018481189008854003
451,7,622.68,0.022088396481023877
451,7,623.14,0.021729268253567174
451,7,624.061,0.03173397331367316
451,7,625.442,0.041403981250312256
451,7,626.362,0.033189205381883614
451,7,628.661,0.038070499428150904
451,7,629.579,0.024478618943689856
451,7,631.874,0.02696752640476367
451,7,632.332,0.027639302286503166
451,7,635.082,0.035305989114098796
451,7,636.455,0.03214190278328628
451,7,657.399,0.022743757189533646
451,7,657.851,0.02290626195432899
451,7,658.757,0.03541739443639205
451,7,660.114,0.02096050337486274
451,7,660.567,0.04188455128512616
451,7,662.826,0.020381700529270488
451,7,664.181,0.016241501904015566
451,7,665.084,0.03699114441199139
451,7,665.535,0.025680141876689728
451,7,665.986,0.011476599526999458
451,7,668.24,0.013143886923847348
451,7,672.74,0.01173409322481107
451,7,673.189,0.012440267136305793
451,7,681.709,0.020231006189943744
451,7,684.839,0.05222143063872792
451,7,685.732,0.025674510196065592
451,7,686.179,0.07120776784071602
451,7,686.625,0.06047989851433535
451,7,687.071,0.05894596644288567
451,7,687.518,0.09455913435124637
451,7,687.964,0.08984160211453382
451,7,688.41,0.09429104983493734
451,7,689.301,0.1054474861972912
451,7,689.747,0.0726283798091025
451,7,690.193,0.0811377367755569
451,7,691.084,0.049989237632584345
451,7,691.529,0.055383177075372415
451,7,691.974,0.06347799520863283
451,7,692.419,0.05443583486349232
451,7,692.864,0.06084250737054914
451,7,693.309,0.03793126511446785
451,7,694.199,0.04055754510052881
451,7,695.977,0.025493789447890054
451,7,698.197,0.02028783833106379
451,7,720.261,-0.019402243865832315
451,7,721.138,-0.0580711508786857
451,7,722.015,-0.019233271144111545
451,7,722.453,-0.02585279021354798
451,7,727.706,-0.06969458649601078
451,7,728.143,-0.05430549368556018
451,7,728.58,-0.03992309947819399
451,7,729.017,-0.09735478307945956
451,7,731.2,-0.09052784648131638
451,7,733.38,-0.10616715121818167
451,7,737.299,-0.06720272073374274
451,7,737.734,0.09563524238883789
451,7,738.169,-0.09433459169830397
451,7,739.907,-0.09945537256161169
451,7,742.512,-0.06741095979711166
451,7,744.246,-0.1096830876933798
451,7,748.143,-0.08269038313170868
451,7,749.008,0.07749597487369182
451,7,749.441,-0.09133054802710344
451,7,750.305,0.04374918885525263
451,7,751.169,-0.16443752665293326
451,7,752.032,-0.07011882379211096
451,7,752.464,-0.14813591881285723
451,7,752.896,-0.18748180704565887
451,7,753.758,-0.11726982103399217
451,7,754.621,-0.14131024491913857
451,7,755.052,-0.12111195766368926
451,7,755.914,0.060710172884095234
451,7,756.775,0.06164574472057248
451,7,758.927,0.11276482020798372
451,7,759.357,-0.01663826350527251
451,7,762.365,0.035198841166427595
451,7,763.223,0.10761977862854497
451,7,766.225,0.046331240274041646
451,7,768.367,-0.10971788707205675
451,7,768.795,-0.14141912686060082
451,7,769.222,0.06401351290632364
451,7,771.36,0.08825314316649656
451,7,773.069,0.022045536930693867
451,7,773.496,-0.09353202339705145
451,7,773.923,-0.06332164738260103
451,7,774.776,-0.07249025774713008
451,7,775.203,-0.08848903723399387
451,7,776.055,-0.11033321111896201
451,7,780.314,-0.09081988752065481
451,7,781.164,0.010265439783528127
451,7,782.864,0.027503146881517344
451,7,784.562,-0.0827155429266126
451,7,785.835,-0.1136078642455382
451,7,786.259,-0.08061239347218362
451,7,790.071,-0.13844625779747413
451,7,797.673,0.06609502112929624
451,7,799.779,-0.05312334617835505
451,7,802.303,-0.05802163565331757
451,7,803.984,0.045621451788685125
451,7,805.664,0.05084323361825125
451,7,808.599,-0.06669473677652851
451,7,810.693,-0.041108669055319715
451,7,813.203,0.03607028471778113
451,7,816.544,0.021671729922672887
451,7,817.378,0.10414658228594947
451,7,817.795,0.01687518633475833
451,7,818.629,0.07033525027134176
451,7,823.624,0.044676833391986276
451,7,824.455,0.04903786757015418
451,7,826.116,-0.05885392492037229
451,7,833.573,-0.02143160561897482
451,7,841.0,-0.058268577595735296
451,7,853.313,-0.047863764688204156
451,7,854.54,-0.03793037837591689
451,7,854.949,-0.06577418544587818
451,7,856.174,-0.04531569039827312
451,7,857.399,0.05778126215515426
451,7,858.623,0.08204041633477258
451,7,862.29,-0.05563810342468246
451,7,870.819,-0.04077477709857708
451,7,871.629,-0.02721379548146121
451,7,878.501,-0.047029665666580074
451,7,881.726,0.042152171031362325
451,7,887.355,0.029678144272487612
451,7,890.164,0.0603298510261818
451,7,898.563,0.04150633708302823
451,7,902.15,-0.045548420814364395
451,7,903.345,0.046521646612739026
451,7,904.936,0.06990282640648737
451,7,906.525,0.039084928180542045
451,7,907.717,0.05487638188423418
451,7,908.907,0.09250027176880905
451,7,911.682,0.07673844094594982
451,7,912.078,0.0642464688944207
451,7,912.474,0.07845742972125978
451,7,917.614,0.05351132707920826
451,7,925.493,0.0800144515295294
451,7,926.672,0.08209300999539244
451,7,928.635,0.06864969025555732
451,7,929.027,0.06507113900122181
451,7,929.42,0.04272930635430973
451,7,929.812,0.049804356576255204
451,7,930.204,0.09763255543244502
451,7,930.596,0.06715708075807596
451,7,933.337,0.05810171416906403
451,7,934.511,0.06110620489886211
451,7,935.684,0.06427091922500923
451,7,936.075,0.09928788244921864
451,7,936.465,0.07043780625322003
451,7,937.246,0.10016353416697037
451,7,938.027,0.07687583970780422
451,7,938.808,0.07969462099134603
451,7,939.588,0.11258983360980003
451,7,940.757,0.06985284154220524
451,7,941.147,0.14433902843281643
451,7,941.537,0.13801265156289522
451,7,941.926,0.1315355205129818
451,7,942.315,0.1574480534189158
451,7,942.705,0.06318666152435407
451,7,943.872,0.04733287220107177
451,7,944.261,0.0832660480853497
451,7,944.65,0.06738243200041827
451,7,945.039,0.11553715418945378
451,7,945.428,0.14362686086863732
451,7,946.205,0.1117086188894774
451,7,946.593,0.10528609543637865
451,7,946.982,0.15971582284100475
451,7,947.37,0.12986949643182302
451,7,947.758,0.12315727743572523
451,7,948.146,0.11153817048324337
451,7,948.534,0.16178579643752342
451,7,948.922,0.08459323663405742
451,7,949.31,0.060540648057068026
451,7,949.698,0.16878021499718773
451,8,487.063,-0.057325936808584284
451,8,489.027,-0.05795243159397927
451,8,490.499,-0.04722968346767326
451,8,491.97,-0.07401588985052511
451,8,494.419,-0.07259007225015869
451,8,497.844,-0.07236105782831821
451,8,498.821,-0.1619458668794735
451,8,499.31,-0.20162231221426108
451,8,500.287,-0.1576155902613301
451,8,500.775,0.06513032614786367
451,8,501.263,-0.09424053372576939
451,8,501.751,-0.10743670794868164
451,8,502.239,-0.09510696120318908
451,8,502.727,-0.18013142745192612
451,8,503.215,-0.13195369229574858
451,8,504.19,-0.35229971497183454
451,8,505.164,0.11458882357335955
451,8,505.651,-0.07931171511823963
451,8,506.139,-0.16992215936665364
451,8,508.086,-0.1092884098170215
451,8,509.545,-0.12682593543921983
451,8,512.46,-0.0665280780999228
451,8,517.795,-0.026184652211493263
451,8,528.906,-0.028945461002798285
451,8,572.309,-0.01503416019695529
451,8,612.981,0.018388702947387103
451,8,622.68,0.022390807647858998
451,8,623.14,0.02204432922587476
451,8,624.061,0.03234312725455137
451,8,625.442,0.04235536218102717
451,8,626.362,0.03390024090113502
451,8,628.661,0.03895420309964948
451,8,629.579,0.024963954397475212
451,8,631.874,0.027561265304580005
451,8,632.332,0.02823532533363221
451,8,635.082,0.03620022251490881
451,8,636.455,0.03301392792445475
451,8,657.399,0.02585999062338342
451,8,657.851,0.026028181800906193
451,8,658.757,0.03897476814913456
451,8,660.114,0.023955505108669912
451,8,660.567,0.04556232337624117
451,8,662.826,0.023033933850057815
451,8,665.084,0.03993185594669787
451,8,665.535,0.02818927941418675
451,8,665.986,0.013449176761065834
451,8,668.24,0.01499242120424237
451,8,673.189,0.014008605251620305
451,8,684.839,0.055340920169846736
451,8,685.732,0.028008997643789602
451,8,686.179,0.07509880293136896
451,8,686.625,0.06405391348017676
451,8,687.071,0.06254905647634383
451,8,687.518,0.09928076279512607
451,8,687.964,0.09435174741408876
451,8,688.41,0.0987512946225778
451,8,689.301,0.10986750857130878
451,8,689.747,0.0756904087886379
451,8,690.193,0.08425837198700212
451,8,691.084,0.05172505328503727
451,8,691.529,0.0571558566877537
451,8,691.974,0.0653651138860895
451,8,692.419,0.05594217267116855
451,8,692.864,0.062463724305106855
451,8,693.309,0.03873695989562226
451,8,694.199,0.04136320539501394
451,8,695.977,0.02562538207812365
451,8,698.197,0.020110295554485222
451,8,720.261,-0.02267217461269364
451,8,721.138,-0.06270664468931383
451,8,722.015,-0.022699525402143164
451,8,727.706,-0.07557420660145159
451,8,728.143,-0.05973531438182718
451,8,728.58,-0.04497265895808899
451,8,729.017,-0.10444650390803213
451,8,731.2,-0.09748729261827356
451,8,733.38,-0.11382944899683774
451,8,737.734,0.09538535618696961
451,8,738.169,-0.10115949929697896
451,8,739.907,-0.10617829775174968
451,8,742.512,-0.0725480658482562
451,8,744.246,-0.11587070270308061
451,8,748.143,-0.08680799661982505
451,8,749.008,0.07914988134098212
451,8,749.441,-0.0953052026181847
451,8,750.305,0.04456303668234625
451,8,751.169,-0.17062326267133937
451,8,752.464,-0.15330361842024426
451,8,752.896,-0.1935047791284874
451,8,753.758,-0.12109512846543874
451,8,754.621,-0.14560886732592526
451,8,755.052,-0.12461267642279211
451,8,755.914,0.0632831652802334
451,8,756.775,0.06443838657999171
451,8,758.927,0.11745909489242093
451,8,762.365,0.03773658939542248
451,8,763.223,0.11289261085230036
451,8,766.225,0.04991937010556772
451,8,768.367,-0.11139983000741556
451,8,768.795,-0.14400686713058058
451,8,769.222,0.06816735822103678
451,8,771.36,0.09322268022656968
451,8,773.069,0.025037546798868753
451,8,773.496,-0.09435054654300648
451,8,773.923,-0.06295496963441355
451,8,774.776,-0.07256484044166817
451,8,775.203,-0.08912027172310617
451,8,776.055,-0.11149109424312499
451,8,780.314,-0.0912611899647713
451,8,781.164,0.01316911101995971
451,8,782.864,0.03102616677223539
451,8,784.562,-0.08280416555865784
451,8,785.835,-0.11485481791999735
451,8,786.259,-0.08083467098748505
451,8,790.071,-0.14030985622885989
451,8,797.673,0.07103220045755859
451,8,799.779,-0.052245023458828914
451,8,802.303,-0.057110287752740706
451,8,803.984,0.049869698529898296
451,8,805.664,0.055106324612485165
451,8,808.599,-0.06617190362498064
451,8,810.693,-0.0397119895732954
451,8,813.203,0.04003630344405646
451,8,816.544,0.025199806445188815
451,8,817.378,0.1102625262344957
451,8,817.795,0.020170270590328294
451,8,818.629,0.07537438405322705
451,8,823.624,0.04891670989538422
451,8,824.455,0.05332871172324142
451,8,826.116,-0.058087542224842525
451,8,833.573,-0.019427331475398282
451,8,841.0,-0.05749303149683247
451,8,853.313,-0.04673360093931966
451,8,854.949,-0.06538911238061859
451,8,856.174,-0.044155617336518474
451,8,858.623,0.08736875062512987
451,8,862.29,-0.054853154913220244
451,8,870.819,-0.03961397391113015
451,8,871.629,-0.025582331467788735
451,8,878.501,-0.045957670451028845
451,8,887.355,0.03317495339949776
451,8,890.164,0.06480489076744084
451,8,898.563,0.04532926802806639
451,8,902.15,-0.04465360273985761
451,8,903.345,0.05049095204297622
451,8,904.936,0.07457015904312657
451,8,906.525,0.042803051401303416
451,8,907.717,0.05912603123567407
451,8,908.907,0.09799044385473527
451,8,911.682,0.08162724426571806
451,8,912.078,0.06870250821911046
451,8,912.474,0.08337788925717327
451,8,917.614,0.057613517473462744
451,8,925.493,0.08490988840155944
451,8,926.672,0.08721680145799099
451,8,928.635,0.07328258639847016
451,8,929.027,0.06943665427323116
451,8,929.42,0.04638515274770544
451,8,929.812,0.05371465314088221
451,8,930.204,0.10306080537302915
451,8,930.596,0.07168023959072335
451,8,933.337,0.06228175321177223
451,8,934.511,0.06541853139949627
451,8,936.075,0.10479606004318785
451,8,937.246,0.1055712819842764
451,8,938.027,0.08152466180665009
451,8,938.808,0.08442388868578066
451,8,939.588,0.11824864816831661
451,8,940.757,0.07428110982500644
451,8,941.147,0.15107849805989554
451,8,941.537,0.14463376042894752
451,8,941.926,0.1377504912924985
451,8,942.315,0.1645781250777987
451,8,942.705,0.06733423105178414
451,8,943.872,0.05101913520752856
451,8,944.261,0.08808888446114996
451,8,944.65,0.0718003623161631
451,8,945.039,0.12126893569274776
451,8,945.428,0.15018246604447683
451,8,946.205,0.11732756753799231
451,8,946.593,0.11071455391632584
451,8,946.982,0.16696024464282774
451,8,947.37,0.13605683111002398
451,8,947.758,0.12909940596490344
451,8,948.146,0.1172774583129619
451,8,948.534,0.1690372390365523
451,8,948.922,0.0894755480507167
451,8,949.31,0.06456917007970493
451,8,949.698,0.17622586038625024
451,9,487.063,-0.06344418176364648
451,9,489.027,-0.06421975217431147
451,9,490.499,-0.05265689954002825
451,9,491.97,-0.08181879992771131
451,9,494.419,-0.08052360252400247
451,9,498.821,-0.1779254836530071
451,9,499.31,-0.2210806826393696
451,9,500.287,-0.17338071739876146
451,9,500.775,0.06840062829446827
451,9,501.263,-0.10475973511270169
451,9,501.751,-0.11883319936621116
451,9,502.239,-0.1048447035702408
451,9,502.727,-0.19716265014418724
451,9,503.215,-0.14477904881229975
451,9,504.19,-0.3816389660610121
451,9,505.164,0.12500654826776325
451,9,505.651,-0.08475617581937143
451,9,506.139,-0.18293581962003388
451,9,508.086,-0.1164176358546465
451,9,509.545,-0.13548713160645373
451,9,512.46,-0.07006623613199049
451,9,517.795,-0.02664185719161753
451,9,528.906,-0.029774270629988987
451,9,572.309,-0.014766065707526931
451,9,612.981,0.021395400107391983
451,9,623.14,0.025168046176020427
451,9,624.061,0.03631713804169594
451,9,625.442,0.047159376790347006
451,9,626.362,0.03799665331219206
451,9,628.661,0.04341482580644619
451,9,629.579,0.028221112306100513
451,9,631.874,0.03103674201758835
451,9,632.332,0.03173656308261737
451,9,636.455,0.03682711065170758
451,9,657.399,0.026083280003734707
451,9,657.851,0.02621332141805013
451,9,658.757,0.040191037660886574
451,9,660.114,0.023934461977588847
451,9,660.567,0.04725810431712432
451,9,662.826,0.02302039517364556
451,9,665.535,0.028780521503429243
451,9,665.986,0.012809820427538305
451,9,668.24,0.014667925019883954
451,9,673.189,0.01382554041417292
451,9,684.839,0.05889768062921367
451,9,685.732,0.029411574485473803
451,9,686.179,0.08046497712253017
451,9,686.625,0.06861501598127426
451,9,687.071,0.06705142063096681
451,9,687.518,0.10711896184991931
451,9,687.964,0.10193241673390771
451,9,688.41,0.10706476549004025
451,9,689.301,0.11958841755922557
451,9,689.747,0.08275945458057113
451,9,690.193,0.09222484838668123
451,9,691.529,0.06314201643359492
451,9,691.974,0.07215024774718291
451,9,692.419,0.06193007698686025
451,9,692.864,0.0690589974651844
451,9,693.309,0.04332987685359727
451,9,694.199,0.04619356278981877
451,9,695.977,0.029173024456862515
451,9,698.197,0.02324993688289053
451,9,720.261,-0.020895883832804607
451,9,721.138,-0.06407033972118632
451,9,722.015,-0.0206598869079598
451,9,727.706,-0.07675362483367952
451,9,728.143,-0.05941982190830563
451,9,728.58,-0.04347094611696749
451,9,729.017,-0.10755011881372634
451,9,731.2,-0.0998193415910284
451,9,733.38,-0.11721455358886969
451,9,737.734,0.10895341304778701
451,9,738.169,-0.10384277024348347
451,9,739.907,-0.10966958220260052
451,9,742.512,-0.07408586656757143
451,9,744.246,-0.12159626074789473
451,9,748.143,-0.09168852689125902
451,9,749.008,0.08765982828080482
451,9,750.305,0.049878562001345605
451,9,751.169,-0.1835421176439303
451,9,752.464,-0.16548247625704496
451,9,752.896,-0.20945270188700657
451,9,753.758,-0.13111305304716747
451,9,754.621,-0.15819884942298407
451,9,755.052,-0.13558999330489654
451,9,755.914,0.06797080171514949
451,9,756.775,0.06900780703573466
451,9,758.927,0.12581099102679633
451,9,762.365,0.03901813401663683
451,9,763.223,0.1200653851411707
451,9,766.225,0.051223036155404134
451,9,768.367,-0.12378090276897279
451,9,768.795,-0.1592020559335485
451,9,769.222,0.07059678099991593
451,9,771.36,0.09779330971468378
451,9,773.069,0.023643513812270388
451,9,773.496,-0.10603467340498102
451,9,774.776,-0.08237316649828992
451,9,775.203,-0.10034813201505599
451,9,776.055,-0.12466213960020699
451,9,780.314,-0.10294145630865591
451,9,782.864,0.029614298937803027
451,9,784.562,-0.0938459677276191
451,9,785.835,-0.12869409249682756
451,9,786.259,-0.09190045552953544
451,9,790.071,-0.15636281502177132
451,9,797.673,0.07253415164826132
451,9,799.779,-0.061119721319297694
451,9,802.303,-0.06642697951032182
451,9,805.664,0.05518038847651449
451,9,808.599,-0.07627471795441214
451,9,813.203,0.038852269529080274
451,9,816.544,0.022808111209920535
451,9,817.378,0.1150172678076459
451,9,817.795,0.01726362412771102
451,9,818.629,0.0770801589777516
451,9,823.624,0.04830813485219041
451,9,824.455,0.0531972442023604
451,9,826.116,-0.06769932004172821
451,9,833.573,-0.0257123421941727
451,9,841.0,-0.06695028623401908
451,9,854.949,-0.0753904275798707
451,9,856.174,-0.05242529830950203
451,9,858.623,0.09014198558201492
451,9,862.29,-0.06395095955261819
451,9,870.819,-0.04742596229048959
451,9,878.501,-0.054146428830345164
451,9,887.355,0.03155837422406484
451,9,890.164,0.06581097113812932
451,9,898.563,0.04473635760645464
451,9,902.15,-0.05267691157776508
451,9,903.345,0.05041158071895446
451,9,904.936,0.07650975692376477
451,9,906.525,0.042042119883130745
451,9,907.717,0.05979781960238159
451,9,908.907,0.1019002396475348
451,9,911.682,0.08420960100348165
451,9,912.078,0.07015312927608977
451,9,912.474,0.08601832882521596
451,9,917.614,0.05815166513384676
451,9,925.493,0.08785368037278746
451,9,926.672,0.09023312876406063
451,9,928.635,0.07523014848102827
451,9,929.027,0.07104285337421559
451,9,929.812,0.0540500984708316
451,9,930.204,0.10738440931204006
451,9,930.596,0.07332660533583964
451,9,933.337,0.06332073549285314
451,9,934.511,0.06667303829055016
451,9,936.075,0.10921115566825589
451,9,937.246,0.11015367768321792
451,9,938.027,0.08425914238545289
451,9,938.808,0.08731657755365874
451,9,939.588,0.1241290558303169
451,9,940.757,0.0762196929584199
451,9,941.147,0.1597261126542195
451,9,941.537,0.15279857734744656
451,9,941.926,0.14527107923799565
451,9,942.315,0.17429936421525394
451,9,942.705,0.06878807894034299
451,9,943.872,0.05103215284559126
451,9,944.261,0.0912532279791918
451,9,944.65,0.0734837421192435
451,9,945.039,0.12734699049472809
451,9,945.428,0.15883888155740253
451,9,946.205,0.12318811563330602
451,9,946.593,0.11580804623301816
451,9,946.982,0.17698666607542782
451,9,947.37,0.14350291078103597
451,9,947.758,0.1359444365545852
451,9,948.146,0.1229683301834559
451,9,948.534,0.17928700076746282
451,9,948.922,0.09260233160960667
451,9,949.31,0.06572417277939807
451,9,949.698,0.18706934827546035
451,10,489.027,-0.16955567900746188
451,10,490.499,-0.11739991507755497
451,10,491.97,-0.18970828942946902
451,10,494.419,-0.22509994544426515
451,10,498.821,-0.4510242818104868
451,10,499.31,-0.5780891197048635
451,10,500.287,-0.4151790406726963
451,10,500.775,0.08770886365655547
451,10,501.263,-0.2640455865019819
451,10,501.751,-0.41444679088603015
451,10,502.239,-0.08148777718353369
451,10,502.727,-0.5009340052900199
451,10,503.215,-0.2980374991280303
451,10,504.19,-0.7219939291294706
451,10,505.164,0.19902775907434953
451,10,505.651,-0.237879651711899
451,10,506.139,-0.30537265709890243
451,10,508.086,-0.15554243787528976
451,10,509.545,-0.2184170360773872
451,10,512.46,-0.08520270910150973
451,10,528.906,-0.04455931702100294
451,10,612.981,0.04844332113755979
451,10,623.14,0.040257462997975675
451,10,624.061,0.05225982223186389
451,10,625.442,0.07188186275621163
451,10,628.661,0.0694953269703051
451,10,629.579,0.035862272710806456
451,10,631.874,0.03961904174230231
451,10,632.332,0.04062317789327724
451,10,636.455,0.038709714756134626
451,10,657.399,-0.09913484337387694
451,10,657.851,-0.10532344839654069
451,10,660.114,-0.057583929478110286
451,10,660.567,-0.04019267609112148
451,10,662.826,-0.044732972632620854
451,10,665.535,-0.01882257702435857
451,10,665.986,-0.06256113063968027
451,10,668.24,-0.030857658614621
451,10,673.189,-0.012393637834988631
451,10,684.839,0.09157893100502852
451,10,685.732,0.007247467472409878
451,10,686.179,0.11202369740387157
451,10,687.071,0.09034835345434987
451,10,687.518,0.14193162001705775
451,10,687.964,0.1452992832878856
451,10,688.41,0.16006517477578402
451,10,689.301,0.16973208390084077
451,10,689.747,0.100699535055793
451,10,690.193,0.1366561949887939
451,10,691.529,0.09542564918128243
451,10,691.974,0.12211642299969103
451,10,692.419,0.09435604243019183
451,10,692.864,0.11824252738121677
451,10,694.199,0.0813195588762822
451,10,695.977,0.05810726617587226
451,10,698.197,0.058094118856342886
451,10,720.261,0.08999553019353199
451,10,721.138,-0.011775151414188553
451,10,727.706,0.05781748136456107
451,10,728.143,0.21655198823664654
451,10,728.58,0.20072980015595673
451,10,729.017,0.08216072595095289
451,10,731.2,0.12033921273677298
451,10,733.38,0.0021752230851713153
451,10,737.734,0.8374209740694263
451,10,738.169,0.21985623463335532
451,10,739.907,0.08966941638328534
451,10,742.512,0.21420129091833404
451,10,744.246,0.01751015383185572
451,10,748.143,0.125979458078367
451,10,749.008,0.42647017025630424
451,10,750.305,0.40620542231971585
451,10,751.169,-0.13216169065683442
451,10,752.464,-0.09725678828088201
451,10,752.896,-0.23535996195858616
451,10,753.758,-0.02676476407849946
451,10,754.621,-0.02049265526126972
451,10,755.052,-0.09482567445311203
451,10,755.914,0.2514502043039338
451,10,756.775,0.312755064889918
451,10,758.927,0.36174830377118655
451,10,762.365,0.22951579702609093
451,10,763.223,0.36185180280917045
451,10,766.225,0.18849376931039238
451,10,768.367,-0.16024138804383448
451,10,768.795,-0.22235695312168793
451,10,771.36,0.24417916164547251
451,10,773.496,-0.18934176167188088
451,10,774.776,-0.15183296589698955
451,10,775.203,-0.13786562352269072
451,10,776.055,-0.1900538661823935
451,10,780.314,-0.19591453152414892
451,10,782.864,0.07292506028235166
451,10,784.562,-0.13895289901770358
451,10,785.835,-0.23752524594523783
451,10,786.259,-0.20442470597965456
451,10,790.071,-0.2945801315104065
451,10,797.673,0.121243507037914
451,10,805.664,0.036535480611267705
451,10,808.599,-0.18850112102798539
451,10,813.203,0.01629493723762645
451,10,816.544,-0.00502172476553671
451,10,817.378,0.1930465501195485
451,10,817.795,-0.009045119903814102
451,10,823.624,0.007613171952286203
451,10,826.116,-0.26220183075215453
451,10,841.0,-0.2272129873841556
451,10,854.949,-0.309865103698819
451,10,856.174,-0.2311161960665967
451,10,858.623,0.11671085022905309
451,10,862.29,-0.23691452082175124
451,10,870.819,-0.2175311908033914
451,10,878.501,-0.2377518761185654
451,10,887.355,-0.0406963566093434
451,10,890.164,0.052869519135060834
451,10,898.563,0.03705803860631893
451,10,902.15,-0.25615815487411897
451,10,903.345,0.006139576677820854
451,10,904.936,0.08947431276532221
451,10,906.525,0.01434810145440239
451,10,907.717,0.056854787526864924
451,10,908.907,0.14307412223145216
451,10,911.682,0.10370241693969182
451,10,912.078,0.10715472457600639
451,10,912.474,0.10071682692041553
451,10,917.614,0.025602604292639816
451,10,925.493,0.10215103392340338
451,10,926.672,0.10075968005376894
451,10,928.635,0.10529425498670827
451,10,929.027,0.07402325922335959
451,10,929.812,0.03189690478407334
451,10,930.204,0.17860462329616114
451,10,930.596,0.0807001277097593
451,10,934.511,0.05786802509287261
451,10,936.075,0.16367322346771715
451,10,937.246,0.17393609836393853
451,10,938.027,0.15415067592165224
451,10,938.808,0.14847837026626806
451,10,939.588,0.2479129388580509
451,10,940.757,0.10895195608235798
451,10,941.147,0.3540768500039265
451,10,941.537,0.3688836567542126
451,10,941.926,0.2535925376962362
451,10,942.315,0.33276330618310695
451,10,943.872,0.09732447427934446
451,10,944.261,0.16820460324540407
451,10,945.039,0.20484235806837456
451,10,945.428,0.33968248362286946
451,10,946.205,0.25300722934211944
451,10,946.593,0.26901905086606465
451,10,946.982,0.3893609435605567
451,10,947.37,0.3180055997455373
451,10,947.758,0.3170815517912523
451,10,948.146,0.24987642275781727
451,10,948.534,0.4137098206187691
451,10,948.922,0.21143040231299956
451,10,949.31,0.10213846026759212
451,10,949.698,0.3980181982301547
451,11,489.027,-0.17592281417422906
451,11,490.499,-0.12204683856563374
451,11,491.97,-0.19658187178553688
451,11,494.419,-0.2327509098301921
451,11,498.821,-0.46379796966511133
451,11,499.31,-0.5946194024717603
451,11,500.287,-0.42510950215088766
451,11,500.775,0.09400029376463619
451,11,501.263,-0.26750796015309913
451,11,501.751,-0.4224782896904944
451,11,502.239,-0.0777431210872449
451,11,502.727,-0.5103288375844757
451,11,503.215,-0.3002719423040934
451,11,504.19,-0.7375991495524036
451,11,505.164,0.21218162513145997
451,11,505.651,-0.23938107197238856
451,11,506.139,-0.308930277112281
451,11,508.086,-0.155864054949179
451,11,509.545,-0.22176742540279343
451,11,512.46,-0.0854509640131858
451,11,612.981,0.05173568642019731
451,11,623.14,0.043743833433054956
451,11,625.442,0.07634311096349705
451,11,628.661,0.07402086362575395
451,11,629.579,0.03928612281432814
451,11,632.332,0.0442355554913334
451,11,636.455,0.04244568422519304
451,11,657.399,-0.09726885838428653
451,11,657.851,-0.1038051911368982
451,11,660.114,-0.055608119142895575
451,11,660.567,-0.03803614140835567
451,11,665.986,-0.06447964074370022
451,11,668.24,-0.032299646675550214
451,11,673.189,-0.013962248753337058
451,11,684.839,0.09246197785551176
451,11,685.732,0.005660459454483367
451,11,686.179,0.11389396735301084
451,11,687.071,0.09215480200403743
451,11,687.518,0.14561678721811055
451,11,687.964,0.1496531961803986
451,11,688.41,0.16527338481551096
451,11,689.301,0.17587350612768654
451,11,689.747,0.10482049237084892
451,11,690.193,0.14208868032347302
451,11,691.529,0.09971723881640643
451,11,691.974,0.1271787196527504
451,11,692.419,0.09844064010800513
451,11,692.864,0.12308236080888954
451,11,694.199,0.0848118844635854
451,11,721.138,-0.014048266599653357
451,11,727.706,0.0552282372857304
451,11,728.143,0.21890422877281523
451,11,728.58,0.20200928434480322
451,11,729.017,0.08016286221554353
451,11,731.2,0.11865556350295221
451,11,733.38,-0.0046195038017416475
451,11,737.734,0.8585182164666312
451,11,738.169,0.22075281768701321
451,11,739.907,0.0861165084041839
451,11,744.246,0.011545016965701682
451,11,749.008,0.4346548028393826
451,11,750.305,0.4140049411690419
451,11,751.169,-0.14148364336772654
451,11,752.464,-0.10530219605790456
451,11,752.896,-0.24776807722072863
451,11,753.758,-0.03226542784099106
451,11,754.621,-0.025167076076083324
451,11,755.052,-0.10254725442756744
451,11,755.914,0.2547335167315745
451,11,756.775,0.3185753803267141
451,11,758.927,0.3687769198905186
451,11,762.365,0.23298694633111205
451,11,763.223,0.3693775751925363
451,11,766.225,0.1908209061347043
451,11,768.367,-0.16891146978791233
451,11,768.795,-0.23274446455269457
451,11,771.36,0.24815177818442924
451,11,773.496,-0.1990212252684859
451,11,774.776,-0.1598690251721799
451,11,775.203,-0.1456007839526245
451,11,776.055,-0.19892475938646834
451,11,780.314,-0.20535835304527375
451,11,782.864,0.07201255902488726
451,11,785.835,-0.2478988381653073
451,11,786.259,-0.2141806649288963
451,11,790.071,-0.30632015143495883
451,11,797.673,0.12222175609100451
451,11,808.599,-0.19699882189472684
451,11,813.203,0.014145562757307755
451,11,816.544,-0.007712791979991382
451,11,817.378,0.19647506852530888
451,11,817.795,-0.011796589939347455
451,11,826.116,-0.2731076426596464
451,11,854.949,-0.3221329779879308
451,11,856.174,-0.24060688701402652
451,11,862.29,-0.24658121684768655
451,11,870.819,-0.22646552521643815
451,11,878.501,-0.2469511658989418
451,11,890.164,0.05234037452375363
451,11,898.563,0.03622119965673671
451,11,902.15,-0.26614010094795726
451,11,904.936,0.0901672895976722
451,11,906.525,0.012773113989087807
451,11,908.907,0.14540292806158195
451,11,911.682,0.10480911600219699
451,11,912.474,0.10161512470982598
451,11,917.614,0.02426333377227272
451,11,925.493,0.10302641095362527
451,11,926.672,0.10162435469306938
451,11,928.635,0.10657145325394138
451,11,929.027,0.07387661876865699
451,11,929.812,0.030563884008222873
451,11,930.204,0.18184373246340182
451,11,934.511,0.05731822401226104
451,11,936.075,0.1660002705966244
451,11,937.246,0.1769429869715345
451,11,938.027,0.15674898597086784
451,11,938.808,0.1505134354424505
451,11,939.588,0.25326256418520526
451,11,940.757,0.10952058604611659
451,11,941.147,0.36278740488904465
451,11,941.537,0.37839404519203335
451,11,941.926,0.2585360468725893
451,11,942.315,0.34026753927439246
451,11,943.872,0.09766883160502891
451,11,944.261,0.17052911670720097
451,11,945.039,0.2082764480334548
451,11,945.428,0.3478544400206093
451,11,946.205,0.2582333880705443
451,11,946.593,0.2746004797863261
451,11,946.982,0.3990125250301054
451,11,947.37,0.32507585494478386
451,11,947.758,0.3244307032975192
451,11,948.146,0.2549575068838206
451,11,948.534,0.42390486309515535
451,11,948.922,0.21495049086655646
451,11,949.698,0.4076197991710056
451,12,489.027,-0.1763778098024158
451,12,490.499,-0.12259092019641978
451,12,494.419,-0.23323477341121804
451,12,498.821,-0.46337177399168494
451,12,499.31,-0.5940048563656863
451,12,500.287,-0.42442560167496957
451,12,501.263,-0.2665614812143817
451,12,501.751,-0.42124046336707416
451,12,502.239,-0.07664507577334041
451,12,502.727,-0.5087189517504267
451,12,503.215,-0.2986632946598858
451,12,504.19,-0.734319901497099
451,12,505.164,0.2142710412835215
451,12,505.651,-0.23668706104487108
451,12,506.139,-0.3064314203172079
451,12,508.086,-0.1536660912132233
451,12,509.545,-0.21991502529989584
451,12,512.46,-0.08378441284128334
451,12,612.981,0.05262780333299499
451,12,623.14,0.04461298909975856
451,12,625.442,0.07713354405026314
451,12,628.661,0.07477446947545706
451,12,629.579,0.04010191366885857
451,12,632.332,0.04496043064184402
451,12,657.399,-0.09755639216296029
451,12,657.851,-0.10426374597532735
451,12,660.114,-0.05625867475886309
451,12,660.567,-0.039089481671441814
451,12,665.986,-0.06559726290348547
451,12,673.189,-0.014900526272857763
451,12,684.839,0.09137251435206967
451,12,685.732,0.004879842706233448
451,12,686.179,0.11293914499988846
451,12,687.071,0.09145797262783885
451,12,687.518,0.14508512942689558
451,12,687.964,0.14922527088383306
451,12,688.41,0.16511119603793661
451,12,689.301,0.17593437278537966
451,12,689.747,0.10509655108788678
451,12,690.193,0.1423671300213346
451,12,691.529,0.1001956155656022
451,12,691.974,0.12768265649861854
451,12,692.419,0.09898244691959218
451,12,692.864,0.12366208842803197
451,12,694.199,0.08542762384655402
451,12,721.138,-0.009516381378905817
451,12,727.706,0.062397167112950194
451,12,728.143,0.22605188842711912
451,12,728.58,0.20904306608956044
451,12,729.017,0.08802223001327529
451,12,731.2,0.12685360648604285
451,12,733.38,0.0037046555619807513
451,12,737.734,0.8644417503668571
451,12,739.907,0.0926605359598335
451,12,744.246,0.015834477527107666
451,12,749.008,0.436397797130303
451,12,750.305,0.41557179811253886
451,12,751.169,-0.13944791304750787
451,12,752.464,-0.10394338406601458
451,12,752.896,-0.24646939967212655
451,12,753.758,-0.031308642909868664
451,12,754.621,-0.024798632716714435
451,12,755.052,-0.10213523499540013
451,12,756.775,0.31841311115262316
451,12,758.927,0.36776186221120366
451,12,762.365,0.23180407648642226
451,12,763.223,0.3677017634123066
451,12,766.225,0.18898565282484708
451,12,768.367,-0.17047952294356283
451,12,768.795,-0.23413173166321954
451,12,771.36,0.24577258679806596
451,12,773.496,-0.2011609388257888
451,12,774.776,-0.162008858157891
451,12,775.203,-0.14792930589112163
451,12,776.055,-0.20104276016474576
451,12,780.314,-0.20769589629517463
451,12,782.864,0.06919682313632411
451,12,785.835,-0.25051502382398355
451,12,786.259,-0.2169297222859353
451,12,790.071,-0.3088591875314436
451,12,797.673,0.1188630619360902
451,12,808.599,-0.20015715040120396
451,12,816.544,-0.011088506768779304
451,12,817.378,0.1928475578862427
451,12,817.795,-0.015177763883074154
451,12,826.116,-0.2764209179907592
451,12,854.949,-0.3255465380016504
451,12,856.174,-0.24409529887650674
451,12,862.29,-0.25003611002987985
451,12,870.819,-0.2300981892585577
451,12,878.501,-0.25038501466410307
451,12,890.164,0.04827993552878047
451,12,898.563,0.03217291451171214
451,12,902.15,-0.2697510909633626
451,12,904.936,0.08606119702378538
451,12,906.525,0.008767337430676394
451,12,908.907,0.1413242841617327
451,12,911.682,0.10062404018440957
451,12,912.474,0.09743417245047074
451,12,917.614,0.020194443175435565
451,12,925.493,0.09887230748346365
451,12,926.672,0.09743474799665257
451,12,928.635,0.10239503643998923
451,12,929.027,0.06971080304872058
451,12,929.812,0.026417954452053603
451,12,930.204,0.17756676534898616
451,12,934.511,0.05311802905350693
451,12,936.075,0.16168974840421754
451,12,937.246,0.17261328395231965
451,12,938.027,0.15262400653291122
451,12,938.808,0.14619986512611677
451,12,939.588,0.24910139192148303
451,12,940.757,0.1052788362858184
451,12,941.147,0.3585634343320117
451,12,941.537,0.3742468803248291
451,12,941.926,0.25436073657240393
451,12,942.315,0.336050182133469
451,12,943.872,0.09325999064485122
451,12,944.261,0.16626337461069468
451,12,945.039,0.20409737940552392
451,12,945.428,0.3436651300472677
451,12,946.205,0.2540304504716294
451,12,946.593,0.27018841514358866
451,12,946.982,0.39473419124160836
451,12,947.37,0.3209515454795259
451,12,947.758,0.3201239134135163
451,12,948.146,0.25056569101803583
451,12,948.534,0.4195559572605408
451,12,948.922,0.21033579212320608
451,12,949.698,0.4034020220201558
451,13,489.027,-0.08432601055714826
451,13,490.499,-0.06932471761968706
451,13,494.419,-0.10546956286782054
451,13,498.821,-0.231362471408864
451,13,499.31,-0.28736813782352366
451,13,500.287,-0.22462196102544701
451,13,501.263,-0.13447529183979762
451,13,501.751,-0.15241348871750765
451,13,502.727,-0.2546104293400632
451,13,503.215,-0.18616909279898747
451,13,504.19,-0.492613861677992
451,13,505.164,0.16788386746517786
451,13,505.651,-0.10572484358915196
451,13,506.139,-0.23445549874804386
451,13,508.086,-0.14870209742783075
451,13,509.545,-0.17425087582800647
451,13,512.46,-0.08923544203112474
451,13,612.981,0.0289643140217016
451,13,629.579,0.03755814966200879
451,13,657.399,0.03344589276825361
451,13,657.851,0.0334835713510268
451,13,660.114,0.03053071918413783
451,13,660.567,0.060794151872932294
451,13,665.986,0.015748720617616715
451,13,673.189,0.017015637156901128
451,13,684.839,0.07547263355273993
451,13,685.732,0.037169673353600725
451,13,686.179,0.10370188467287582
451,13,687.071,0.08626988362470776
451,13,687.518,0.13882496760111798
451,13,687.964,0.1320859134754849
451,13,688.41,0.13916554029595116
451,13,689.301,0.15564774273530366
451,13,689.747,0.10769008985365186
451,13,690.193,0.12024040170643727
451,13,691.529,0.08251902789127269
451,13,691.974,0.09446098958540712
451,13,692.419,0.0811144236915307
451,13,692.864,0.09056005144207421
451,13,694.199,0.06073849662419675
451,13,721.138,-0.08022277315832675
451,13,727.706,-0.0942118860676457
451,13,728.143,-0.07141713716126177
451,13,728.58,-0.05061275923532351
451,13,729.017,-0.13346372270830206
451,13,731.2,-0.12250367070631732
451,13,733.38,-0.14416016913329713
451,13,737.734,0.15224009199749466
451,13,739.907,-0.13256989866318442
451,13,744.246,-0.14874825826581928
451,13,749.008,0.12271324980440802
451,13,750.305,0.07332840275519094
451,13,751.169,-0.23144445169400216
451,13,752.464,-0.20883643359752427
451,13,752.896,-0.26641455550983734
451,13,753.758,-0.16466209410260133
451,13,754.621,-0.2008693309282771
451,13,755.052,-0.1715237575162685
451,13,756.775,0.09513325432944394
451,13,758.927,0.16775356037958147
451,13,762.365,0.054150739827569676
451,13,763.223,0.15890076337829984
451,13,766.225,0.06835581050484398
451,13,768.367,-0.16048324465151984
451,13,768.795,-0.20667950473456906
451,13,771.36,0.12778912055814254
451,13,773.496,-0.1390542604658684
451,13,774.776,-0.10772463577910671
451,13,775.203,-0.131771103352886
451,13,776.055,-0.1634631068874479
451,13,780.314,-0.13555693750071102
451,13,782.864,0.037404795451211
451,13,785.835,-0.16989358005749702
451,13,786.259,-0.1222011160660242
451,13,790.071,-0.2063277702467001
451,13,797.673,0.09187562002783226
451,13,808.599,-0.10299498732892186
451,13,816.544,0.026664650118798393
451,13,817.378,0.14668220411490604
451,13,826.116,-0.09253411140328235
451,13,854.949,-0.1029070071354221
451,13,856.174,-0.07293855296767862
451,13,862.29,-0.08802255769526908
451,13,870.819,-0.06664930317727137
451,13,878.501,-0.07508462064590901
451,13,890.164,0.08106882356541463
451,13,898.563,0.0535162082144053
451,13,902.15,-0.07361572811496246
451,13,904.936,0.0949526217863087
451,13,906.525,0.049888614377113366
451,13,908.907,0.1281468206861191
451,13,911.682,0.10488920017606015
451,13,912.474,0.10701041381611417
451,13,917.614,0.07072830675617088
451,13,925.493,0.10968084878738187
451,13,928.635,0.09323609511063244
451,13,929.027,0.08745075797502314
451,13,929.812,0.0654767658210819
451,13,930.204,0.13467015780616604
451,13,934.511,0.08173161714420456
451,13,936.075,0.13686971862399042
451,13,937.246,0.13820867875901433
451,13,938.027,0.10473317003239162
451,13,938.808,0.10849583972728978
451,13,939.588,0.15656249078946316
451,13,940.757,0.09388194457528994
451,13,941.147,0.20311492461996883
451,13,941.537,0.19436090826626956
451,13,941.926,0.1839607490758542
451,13,942.315,0.22197363367156484
451,13,943.872,0.06075423994975562
451,13,945.039,0.1606695296794664
451,13,945.428,0.2017526175027908
451,13,946.205,0.15531604955611614
451,13,946.593,0.1451155893906511
451,13,946.982,0.22553319541375852
451,13,947.37,0.18174802220072653
451,13,947.758,0.17179835788274272
451,13,948.146,0.15482501954411618
451,13,948.534,0.22837289645588818
451,13,948.922,0.11445948556153951
451,13,949.698,0.238589125536427
451,14,489.027,-0.17878879544502754
451,14,490.499,-0.12540739004181933
451,14,494.419,-0.23595473527408908
451,14,498.821,-0.46414205731993935
451,14,499.31,-0.5938261729539567
451,14,500.287,-0.42377417162191666
451,14,501.263,-0.2649681249077229
451,14,501.751,-0.41710618875542466
451,14,502.727,-0.5022064003652147
451,14,503.215,-0.29213830800531476
451,14,504.19,-0.722400056671907
451,14,505.164,0.2233299236450654
451,14,505.651,-0.22611439821947651
451,14,506.139,-0.2962658276982453
451,14,508.086,-0.14458288931614255
451,14,509.545,-0.2118666384082636
451,14,512.46,-0.07750236534216502
451,14,657.399,-0.09538905072598634
451,14,657.851,-0.10245662053497327
451,14,660.114,-0.05657683297599678
451,14,660.567,-0.04034543765097511
451,14,673.189,-0.018488214315968025
451,14,684.839,0.08772191019195645
451,14,685.732,0.0023430048432491204
451,14,686.179,0.11020835003289935
451,14,687.071,0.09002475892377283
451,14,687.518,0.14424642175896757
451,14,687.964,0.14933559343612834
451,14,688.41,0.16596106856055987
451,14,689.301,0.17823522239259773
451,14,689.747,0.10820171146412036
451,14,690.193,0.14543240343578173
451,14,691.529,0.10383457549740809
451,14,691.974,0.1310806310739049
451,14,692.419,0.10248286155604501
451,14,692.864,0.126987834335873
451,14,694.199,0.08871044436957091
451,14,721.138,-0.004953168486786478
451,14,727.706,0.06312899381480841
451,14,728.143,0.22536974686876207
451,14,728.58,0.20804431750434926
451,14,729.017,0.08741275180194993
451,14,731.2,0.1238454261689235
451,14,733.38,-0.0020508732141327445
451,14,737.734,0.8514718080005677
451,14,739.907,0.08091664636639559
451,14,744.246,0.002231887212237803
451,14,749.008,0.4199997133496836
451,14,750.305,0.3988721557677771
451,14,751.169,-0.1534265220130467
451,14,752.464,-0.11828366837412468
451,14,752.896,-0.25996946608970084
451,14,753.758,-0.04562129774151393
451,14,754.621,-0.039012329026475646
451,14,755.052,-0.1161298317031825
451,14,756.775,0.3029618689880892
451,14,758.927,0.3520289023050379
451,14,762.365,0.21714217494996021
451,14,763.223,0.3524115065401282
451,14,766.225,0.17478578171283837
451,14,768.367,-0.18270456044727584
451,14,768.795,-0.24588205727502804
451,14,771.36,0.23184942504944103
451,14,773.496,-0.2129743725899206
451,14,774.776,-0.17382584348768007
451,14,775.203,-0.15972325631513537
451,14,776.055,-0.21211777594774342
451,14,780.314,-0.21882923264962253
451,14,782.864,0.05682836675627005
451,14,785.835,-0.2608960781760694
451,14,786.259,-0.22761271604178293
451,14,790.071,-0.3180964552306114
451,14,797.673,0.10731929812418052
451,14,808.599,-0.20968090912787465
451,14,816.544,-0.021434335651816204
451,14,817.378,0.18161199126399818
451,14,854.949,-0.33299762375668834
451,14,862.29,-0.2579574681704766
451,14,870.819,-0.23765914684410935
451,14,878.501,-0.2575775792411702
451,14,890.164,0.039368509521150744
451,14,902.15,-0.27653970469439704
451,14,904.936,0.0773669001213388
451,14,906.525,0.00038058987597003416
451,14,911.682,0.0919391364808157
451,14,912.474,0.08883690894035934
451,14,917.614,0.012082623548302272
451,14,925.493,0.09036156675697767
451,14,928.635,0.09381530186194659
451,14,929.027,0.061212792365991496
451,14,930.204,0.16870355794129357
451,14,934.511,0.04481626224896084
451,14,936.075,0.15242671828784868
451,14,937.246,0.16392865550427987
451,14,938.027,0.14411465208898042
451,14,938.808,0.13753653100878627
451,14,939.588,0.24039572326302486
451,14,940.757,0.09657253589819433
451,14,941.147,0.34938889734566975
451,14,941.537,0.3651896661843326
451,14,941.926,0.24537704911500077
451,14,942.315,0.32676847846727897
451,14,943.872,0.08474773836412605
451,14,945.039,0.1955060594418036
451,14,945.428,0.3348453038146256
451,14,946.205,0.24532902160196648
451,14,946.593,0.26099858642500356
451,14,946.982,0.3853944989370208
451,14,947.37,0.31167411963792574
451,14,947.758,0.311043899709639
451,14,948.146,0.2414080986303984
451,14,948.534,0.41009533128557885
451,14,948.922,0.20081042303756094
451,14,949.698,0.3941140740431803
451,15,489.027,-0.08624020942075018
451,15,490.499,-0.0709171319329967
451,15,494.419,-0.10785951736423352
451,15,498.821,-0.23637170329581336
451,15,499.31,-0.293653574907746
451,15,500.287,-0.22928936050232754
451,15,501.263,-0.13690976874136146
451,15,501.751,-0.1552803421222578
451,15,502.727,-0.2596935336583318
451,15,503.215,-0.1898369479299753
451,15,504.19,-0.5031128402795886
451,15,505.164,0.1724301779176419
451,15,505.651,-0.1076757794535249
451,15,506.139,-0.2393865631253632
451,15,508.086,-0.15191825751185314
451,15,509.545,-0.17823104079735447
451,15,512.46,-0.09125211743567616
451,15,657.399,0.0346474737898519
451,15,657.851,0.03464982548677761
451,15,660.114,0.031626985027775126
451,15,660.567,0.06257653011024084
451,15,673.189,0.017448682515118195
451,15,684.839,0.07704542635415608
451,15,685.732,0.03783041804922622
451,15,686.179,0.10594547785929474
451,15,687.071,0.08808026920324016
451,15,687.518,0.14187987013780423
451,15,687.964,0.1349467176882429
451,15,688.41,0.14225557034139855
451,15,689.301,0.15910798378332705
451,15,689.747,0.10999839506387386
451,15,690.193,0.12287134446160725
451,15,691.529,0.08430266462338862
451,15,691.974,0.09655536995954912
451,15,692.419,0.08289533146072614
451,15,692.864,0.09259185851456432
451,15,694.199,0.0620808112666057
451,15,721.138,-0.08205810929045838
451,15,727.706,-0.09623355993900035
451,15,728.143,-0.07290690545943045
451,15,728.58,-0.051688030550752204
451,15,729.017,-0.13634349991519557
451,15,731.2,-0.12509473978240646
451,15,733.38,-0.14727118025628433
451,15,737.734,0.15642333746649176
451,15,739.907,-0.1352023892574593
451,15,744.246,-0.15178600010611154
451,15,749.008,0.1261891166124303
451,15,750.305,0.0756798209136784
451,15,751.169,-0.23639940984594762
451,15,752.464,-0.21328180403850175
451,15,752.896,-0.27212543590419536
451,15,753.758,-0.16809429836145495
451,15,754.621,-0.2051735901573564
451,15,755.052,-0.17516437342499602
451,15,756.775,0.09782854702163205
451,15,758.927,0.17200525159921756
451,15,762.365,0.05579186851988818
451,15,763.223,0.16292581390809605
451,15,766.225,0.07031446756483917
451,15,768.367,-0.16403357105771424
451,15,768.795,-0.21124387458063928
451,15,771.36,0.13096933349294565
451,15,774.776,-0.11010555647299868
451,15,775.203,-0.1348114426960992
451,15,776.055,-0.16712323672766585
451,15,780.314,-0.1386134902056783
451,15,782.864,0.03843965093353879
451,15,785.835,-0.17384207449980232
451,15,786.259,-0.1250705509575134
451,15,790.071,-0.21106568208407284
451,15,797.673,0.09408596042162233
451,15,808.599,-0.10542368792366834
451,15,816.544,0.02736392634390337
451,15,817.378,0.15015390016317828
451,15,854.949,-0.10544647585838363
451,15,862.29,-0.0901574445804251
451,15,870.819,-0.0683263817055184
451,15,878.501,-0.0768595032517343
451,15,890.164,0.08288886427173113
451,15,902.15,-0.0754399887305393
451,15,904.936,0.09705953581197264
451,15,906.525,0.050967736302614454
451,15,911.682,0.10721269680610725
451,15,912.474,0.10933552700075018
451,15,917.614,0.07222597656608092
451,15,925.493,0.11208265956392384
451,15,928.635,0.0953037714002224
451,15,929.027,0.08930517528326093
451,15,930.204,0.13757437494696667
451,15,934.511,0.0834292588466054
451,15,936.075,0.13979383154580338
451,15,937.246,0.14116813393170102
451,15,938.027,0.10696436514920674
451,15,938.808,0.11075963404259363
451,15,939.588,0.15992555872709838
451,15,940.757,0.09579357205187768
451,15,941.147,0.20758814544941012
451,15,941.537,0.19870590155629878
451,15,941.926,0.18787215727348092
451,15,942.315,0.22683044414178744
451,15,945.039,0.1640868270405622
451,15,945.428,0.20610628941385267
451,15,946.205,0.15863650979290636
451,15,946.593,0.14811913889130987
451,15,946.982,0.23050813629333
451,15,947.37,0.18563234057900838
451,15,947.758,0.1754277095687147
451,15,948.146,0.15813939576212682
451,15,948.534,0.23337271106279592
451,15,948.922,0.11668429677020647
451,15,949.698,0.2438367672339219
451,16,489.027,-0.18697139881090283
451,16,490.499,-0.13176428716094934
451,16,494.419,-0.24648807007086126
451,16,498.821,-0.48231710299548236
451,16,499.31,-0.6164544124971423
451,16,500.287,-0.4396643186690938
451,16,501.263,-0.27408454045240765
451,16,501.751,-0.43078518791110587
451,16,502.727,-0.5176841192977177
451,16,503.215,-0.29940524096789634
451,16,504.19,-0.7430609474291509
451,16,505.164,0.23716077904555777
451,16,505.651,-0.22866921939738757
451,16,506.139,-0.3014554689527945
451,16,508.086,-0.14460182598472146
451,16,509.545,-0.2151789805043396
451,16,512.46,-0.07653767838941927
451,16,660.114,-0.06048987983133036
451,16,660.567,-0.04436985371307455
451,16,673.189,-0.021792711505890718
451,16,684.839,0.08800952828034808
451,16,685.732,-0.00017536453767010043
451,16,686.179,0.11164131835246943
451,16,687.071,0.09128157068773309
451,16,687.518,0.1478838608499846
451,16,687.964,0.15369844856683315
451,16,688.41,0.1715330528936846
451,16,689.301,0.18524319855884688
451,16,689.747,0.11307999974199462
451,16,690.193,0.15187436950880728
451,16,691.529,0.10933419821282557
451,16,691.974,0.13759927981447417
451,16,692.419,0.10801572446837487
451,16,692.864,0.1334468525169297
451,16,721.138,-0.00016292391494846883
451,16,727.706,0.07032502662911026
451,16,728.143,0.2383270254860372
451,16,728.58,0.21993321738047977
451,16,729.017,0.09550507830372516
451,16,731.2,0.13236288235700586
451,16,737.734,0.8817675140490698
451,16,739.907,0.0825017196418937
451,16,744.246,-0.0014958006602509236
451,16,749.008,0.42959589154871314
451,16,750.305,0.4074973487266661
451,16,751.169,-0.1644419845674203
451,16,752.464,-0.1285279197125801
451,16,752.896,-0.27526593059276383
451,16,753.758,-0.05326435280404445
451,16,754.621,-0.04654202376591873
451,16,755.052,-0.12665677516880158
451,16,756.775,0.30750669655568647
451,16,758.927,0.3579274536851194
451,16,762.365,0.2182252109955868
451,16,763.223,0.3580927726382456
451,16,768.367,-0.19605323295977106
451,16,768.795,-0.2613464760282288
451,16,771.36,0.23313556292959525
451,16,774.776,-0.1870310286153009
451,16,775.203,-0.17246802518675508
451,16,776.055,-0.22637377950546095
451,16,782.864,0.05177875587052712
451,16,785.835,-0.27698589779537763
451,16,786.259,-0.2427003571374968
451,16,790.071,-0.33586783773153084
451,16,797.673,0.10425594420175836
451,16,808.599,-0.2238139159064683
451,16,817.378,0.18143077643021832
451,16,854.949,-0.35113572202312493
451,16,862.29,-0.2734350758254227
451,16,870.819,-0.25222762296902873
451,16,878.501,-0.2726918556823418
451,16,890.164,0.03456537188882959
451,16,902.15,-0.2922356412653094
451,16,904.936,0.07412063724530313
451,16,911.682,0.0891956349041007
451,16,912.474,0.08604015984807097
451,16,917.614,0.0065906970632568914
451,16,925.493,0.08760689129160149
451,16,928.635,0.09121245358029506
451,16,929.027,0.05742038329843852
451,16,930.204,0.16881644464771084
451,16,934.511,0.040385449923520354
451,16,936.075,0.15166703031433662
451,16,937.246,0.1640494941715417
451,16,938.027,0.14365378877408344
451,16,938.808,0.136599846330823
451,16,939.588,0.243460660932213
451,16,940.757,0.09407938260461748
451,16,941.147,0.3564082572045741
451,16,941.537,0.3729559431872782
451,16,941.926,0.24850903876995437
451,16,942.315,0.3328231986953842
451,16,945.039,0.1969298567811102
451,16,945.428,0.3415560226409377
451,16,946.205,0.24867672614290676
451,16,946.593,0.26459151654081475
451,16,946.982,0.3937371289909635
451,16,947.37,0.31731086797423486
451,16,947.758,0.3166983702381134
451,16,948.146,0.2442303967940546
451,16,948.534,0.41933805772542254
451,16,948.922,0.20184466189065728
451,16,949.698,0.4028022992789487
451,17,490.499,-0.14272714538205464
451,17,494.419,-0.2650109497623623
451,17,498.821,-0.5158520259354322
451,17,499.31,-0.6584147597657114
451,17,500.287,-0.4707300782648986
451,17,501.263,-0.29501697993103004
451,17,501.751,-0.460263660563391
451,17,502.727,-0.5503660786409073
451,17,503.215,-0.31862135655058793
451,17,504.19,-0.7849887971263162
451,17,505.164,0.25448713873781736
451,17,506.139,-0.3159139772016873
451,17,508.086,-0.14836590188229726
451,17,509.545,-0.22393109548578907
451,17,512.46,-0.07711509796318387
451,17,660.114,-0.06555297399573162
451,17,660.567,-0.04937564954658198
451,17,673.189,-0.02574548493849532
451,17,684.839,0.09128917469514548
451,17,685.732,-0.0016819405398153546
451,17,686.179,0.11697760958678
451,17,687.071,0.09634841638812183
451,17,687.518,0.15694459648906228
451,17,687.964,0.16363270570542
451,17,688.41,0.18319615631073838
451,17,689.301,0.19877647608712928
451,17,689.747,0.12259163492452549
451,17,690.193,0.16388136757143226
451,17,691.529,0.11911107028203931
451,17,691.974,0.14898646028140988
451,17,692.864,0.14451631873828874
451,17,721.138,0.006882141229160992
451,17,727.706,0.0807504648673498
451,17,728.143,0.25890196852130204
451,17,728.58,0.2385523898588376
451,17,729.017,0.10758565663843289
451,17,731.2,0.1446561792299439
451,17,737.734,0.9326523503744893
451,17,744.246,-0.00820303071159233
451,17,749.008,0.44623594816013007
451,17,750.305,0.42284001127645726
451,17,751.169,-0.18360280723921435
451,17,752.464,-0.145729533152675
451,17,752.896,-0.3011673572723543
451,17,753.758,-0.0658942676471385
451,17,754.621,-0.05845555086899643
451,17,755.052,-0.14383161778974035
451,17,756.775,0.3162935005539346
451,17,758.927,0.36923038850695195
451,17,762.365,0.22154147040613348
451,17,763.223,0.3694595242720384
451,17,768.367,-0.21756487688579976
451,17,768.795,-0.28654258736065585
451,17,771.36,0.23735933504984147
451,17,774.776,-0.20821707693588742
451,17,775.203,-0.19232031197375932
451,17,776.055,-0.2492300880463586
451,17,782.864,0.045256838550026705
451,17,786.259,-0.26665386641301725
451,17,790.071,-0.36443080300573627
451,17,797.673,0.1011889636511895
451,17,808.599,-0.24583272958715308
451,17,817.378,0.18351926259691187
451,17,854.949,-0.37998885846745434
451,17,862.29,-0.29747160721506505
451,17,870.819,-0.2747776550249425
451,17,878.501,-0.2961463074889239
451,17,890.164,0.028944486743570974
451,17,902.15,-0.3167090335056679
451,17,904.936,0.07117175469664029
451,17,911.682,0.0872371217932964
451,17,912.474,0.08397934427727773
451,17,917.614,-0.0001577212298701824
451,17,928.635,0.0895868376314391
451,17,929.027,0.05374600399125342
451,17,930.204,0.17187487234917068
451,17,934.511,0.03568589952630696
451,17,936.075,0.15348566121514184
451,17,937.246,0.16693228343447
451,17,938.027,0.14572587712602855
451,17,938.808,0.13794968504409302
451,17,939.588,0.25158830976419266
451,17,940.757,0.092672369417072
451,17,941.147,0.3713867557366291
451,17,941.537,0.38922180507373816
451,17,941.926,0.25680552990820316
451,17,942.315,0.3459121699369239
451,17,945.039,0.20208834660910868
451,17,945.428,0.3558233124410549
451,17,946.205,0.25718035912675913
451,17,946.593,0.2740274711059165
451,17,946.982,0.4109952092114175
451,17,947.37,0.33011271056931085
451,17,947.758,0.3295600626198809
451,17,948.146,0.25222016981714696
451,17,948.534,0.43842365880131967
451,17,949.698,0.4205879086946296
451,18,490.499,-0.14377128114787088
451,18,494.419,-0.2670029594397849
451,18,498.821,-0.5193865990093183
451,18,499.31,-0.6634392619378204
451,18,500.287,-0.47306129029138844
451,18,501.263,-0.29527575532129635
451,18,501.751,-0.46205691382177627
451,18,502.727,-0.5526453812618007
451,18,503.215,-0.3184295933426661
451,18,504.19,-0.7908268348513106
451,18,505.164,0.25912533239071783
451,18,506.139,-0.31743929065301846
451,18,508.086,-0.1489864958693101
451,18,509.545,-0.22569071634380947
451,18,512.46,-0.07783592404721128
451,18,660.114,-0.06460325244738369
451,18,660.567,-0.048250383475698745
451,18,673.189,-0.02600898960526908
451,18,684.839,0.0914994876100148
451,18,685.732,-0.0025602232071162325
451,18,686.179,0.11730859957606854
451,18,687.071,0.09644337335593867
451,18,687.518,0.15757134682633217
451,18,687.964,0.16445704788709792
451,18,688.41,0.1842407258927426
451,18,689.301,0.20007962528161755
451,18,689.747,0.1231618962155372
451,18,690.193,0.16497377902746302
451,18,691.529,0.11988113011098411
451,18,691.974,0.15005754904044946
451,18,692.864,0.14554159736765446
451,18,721.138,0.003875155649222675
451,18,727.706,0.07703620163509264
451,18,728.143,0.2569823178008457
451,18,728.58,0.2362787887081473
451,18,731.2,0.14122908382586102
451,18,737.734,0.9387953225335285
451,18,744.246,-0.010603971252046873
451,18,749.008,0.4496574731586077
451,18,750.305,0.4263247036869022
451,18,751.169,-0.18628422318996402
451,18,752.464,-0.1477819179381727
451,18,752.896,-0.3047319096038125
451,18,753.758,-0.06680615147673458
451,18,754.621,-0.05886834216219192
451,18,756.775,0.3196262102801239
451,18,758.927,0.37321681172434235
451,18,762.365,0.22425181923153367
451,18,763.223,0.3736743971903297
451,18,768.367,-0.21892956374038675
451,18,768.795,-0.2885546965081223
451,18,771.36,0.2405999138696148
451,18,774.776,-0.2093148162498675
451,18,775.203,-0.19322979975609633
451,18,776.055,-0.25061092206453606
451,18,782.864,0.046809575756809316
451,18,786.259,-0.26824536778918084
451,18,790.071,-0.3668097317768773
451,18,797.673,0.10344130319119024
451,18,808.599,-0.24698193134023544
451,18,817.378,0.1866813598842177
451,18,854.949,-0.38261125326644757
451,18,862.29,-0.29908977019081734
451,18,870.819,-0.2761066989652599
451,18,878.501,-0.29766002613398707
451,18,902.15,-0.31849099649424767
451,18,904.936,0.0733377655335531
451,18,911.682,0.08951184845475225
451,18,912.474,0.08622491490746849
451,18,917.614,0.001266821993907425
451,18,928.635,0.09188429159455191
451,18,929.027,0.05556029120684723
451,18,930.204,0.174958744798914
451,18,934.511,0.037240493862287234
451,18,936.075,0.1561771988524439
451,18,937.246,0.16995566183754326
451,18,938.808,0.14055307625726995
451,18,939.588,0.2552977817239346
451,18,940.757,0.09471000194671488
451,18,941.147,0.3763643623437911
451,18,941.537,0.3944801680720558
451,18,941.926,0.26033546183149786
451,18,942.315,0.350324527199569
451,18,945.039,0.2050246353090442
451,18,945.428,0.3604972578802867
451,18,946.205,0.2608396128791797
451,18,946.593,0.27789771735780344
451,18,946.982,0.4161887979760704
451,18,947.37,0.33438427682921634
451,18,947.758,0.3339857867675011
451,18,948.146,0.25591926877613036
451,18,948.534,0.4438455137453115
451,18,949.698,0.4257022303323334
451,19,490.499,-0.14514092394308023
451,19,494.419,-0.2694247474906774
451,19,498.821,-0.5236105898745861
451,19,499.31,-0.6692319918566748
451,19,500.287,-0.47521408687283906
451,19,501.263,-0.2939827299857257
451,19,501.751,-0.46257294809766253
451,19,502.727,-0.5539303106717118
451,19,503.215,-0.31621994736469305
451,19,504.19,-0.7968332424697903
451,19,505.164,0.26718549694324867
451,19,506.139,-0.31786966177043235
451,19,508.086,-0.1488742255929663
451,19,509.545,-0.22724516060936312
451,19,512.46,-0.07859041916226374
451,19,660.114,-0.06249820970732091
451,19,660.567,-0.04565834290064068
451,19,673.189,-0.026625671830931574
451,19,684.839,0.09110630726891496
451,19,685.732,-0.004456286916156235
451,19,686.179,0.11711583585064311
451,19,687.071,0.09598133171751254
451,19,687.518,0.15784842494170107
451,19,687.964,0.16518587056422296
451,19,688.41,0.18521802136235616
451,19,689.301,0.20174764332023448
451,19,689.747,0.12399618152550086
451,19,690.193,0.16649884343332058
451,19,691.529,0.12110440145808475
451,19,691.974,0.15163219913093937
451,19,692.864,0.14702799035630595
451,19,721.138,-0.0036333585225489374
451,19,727.706,0.06512538607001121
451,19,728.143,0.24679883184618073
451,19,728.58,0.22613960265741967
451,19,731.2,0.1278130258058608
451,19,737.734,0.9378500830371235
451,19,744.246,-0.02121392771667297
451,19,749.008,0.44863633843686995
451,19,750.305,0.4251678357071363
451,19,751.169,-0.19514251875579097
451,19,752.464,-0.15535955620628403
451,19,752.896,-0.3141839076685503
451,19,753.758,-0.0725191168077477
451,19,754.621,-0.0635400581167752
451,19,756.775,0.3203773578805979
451,19,758.927,0.3754977962694424
451,19,762.365,0.22521937617000035
451,19,763.223,0.3768015452737039
451,19,768.367,-0.22245978367412703
451,19,768.795,-0.29301580502793023
451,19,771.36,0.24350469691603258
451,19,774.776,-0.21171333962648042
451,19,775.203,-0.19535419799498976
451,19,776.055,-0.25342994550614883
451,19,782.864,0.04823827635157972
451,19,786.259,-0.27054175010487796
451,19,790.071,-0.370117763814964
451,19,797.673,0.10670627508925931
451,19,808.599,-0.24803007701888982
451,19,817.378,0.19142263272339038
451,19,854.949,-0.38477866479495304
451,19,862.29,-0.3001404698824689
451,19,870.819,-0.27640415232059196
451,19,902.15,-0.31924060715462305
451,19,911.682,0.09417032717677917
451,19,912.474,0.09088829618723913
451,19,928.635,0.09652608196636314
451,19,929.027,0.05961244682379071
451,19,930.204,0.18069145538620657
451,19,934.511,0.041006329057555475
451,19,937.246,0.17575288002269657
451,19,939.588,0.261780041151084
451,19,940.757,0.09911811163958147
451,19,941.147,0.3843945629076072
451,19,941.537,0.4027282522684565
451,19,941.926,0.2665522033373929
451,19,942.315,0.3577319017835707
451,19,945.039,0.21055920721084856
451,19,945.428,0.3681724000567508
451,19,946.205,0.26717060731532943
451,19,946.593,0.28438139302724813
451,19,946.982,0.42442260608393695
451,19,947.37,0.3412745693517353
451,19,947.758,0.341253838325033
451,19,948.146,0.2623311252945226
451,19,948.534,0.4522403863967232
451,19,949.698,0.4338119075683832
451,20,490.499,-0.16104226135487595
451,20,494.419,-0.2923603864786891
451,20,498.821,-0.5582449524744136
451,20,499.31,-0.7101367721393118
451,20,500.287,-0.5069610926070902
451,20,501.263,-0.31678531717044817
451,20,502.727,-0.5786493693114441
451,20,503.215,-0.33021907500462844
451,20,504.19,-0.8175820856822081
451,20,505.164,0.29150164099113385
451,20,506.139,-0.31709080738832046
451,20,508.086,-0.13827152258442324
451,20,509.545,-0.22197681577714037
451,20,512.46,-0.06827785117223314
451,20,660.114,-0.06718848123407038
451,20,660.567,-0.0521105342969018
451,20,684.839,0.0906281920871106
451,20,685.732,-0.00664349923630437
451,20,686.179,0.12053036798306423
451,20,687.071,0.10192458772468636
451,20,687.518,0.16843380535540878
451,20,687.964,0.1780180029450819
451,20,688.41,0.2007722581618762
451,20,689.301,0.2209456321693406
451,20,689.747,0.14071954303347664
451,20,690.193,0.18506473355293734
451,20,691.529,0.1379146599385765
451,20,691.974,0.16924989115414815
451,20,692.864,0.16394118612376146
451,20,721.138,0.015385916455661864
451,20,727.706,0.08219882851793876
451,20,728.143,0.27094820769579453
451,20,728.58,0.24721702593762998
451,20,731.2,0.14098860698267499
451,20,737.734,0.9647200757950438
451,20,744.246,-0.04726721114265881
451,20,749.008,0.4359572597033184
451,20,750.305,0.41113262732471767
451,20,751.169,-0.23431857212090257
451,20,752.464,-0.193824707076148
451,20,752.896,-0.3584281813454606
451,20,753.758,-0.10720149007365562
451,20,754.621,-0.09765729646828508
451,20,756.775,0.3012794860185214
451,20,758.927,0.3570898282745183
451,20,762.365,0.2020359788293707
451,20,763.223,0.3593978590845698
451,20,768.367,-0.26324562144687025
451,20,771.36,0.22155758786107121
451,20,774.776,-0.25209953941964086
451,20,775.203,-0.2343829824242321
451,20,776.055,-0.2935887298037773
451,20,782.864,0.01940794891620076
451,20,786.259,-0.3117541864542066
451,20,797.673,0.08164307122001932
451,20,817.378,0.17113428416000806
451,20,862.29,-0.3365922342676826
451,20,870.819,-0.3114127416054145
451,20,902.15,-0.3543140572125659
451,20,911.682,0.07473948477981682
451,20,912.474,0.07129885554488712
451,20,928.635,0.07772108655221137
451,20,929.027,0.03899851019039653
451,20,930.204,0.16507819984580083
451,20,934.511,0.020146479913579568
451,20,937.246,0.16020167172878508
451,20,939.588,0.2511055496376843
451,20,940.757,0.07994584843782546
451,20,941.147,0.37874963622235314
451,20,941.537,0.3984406628722904
451,20,941.926,0.2555891049372174
451,20,942.315,0.35010319004253565
451,20,945.039,0.19748819230034037
451,20,945.428,0.3627313260353341
451,20,946.205,0.2569841984655846
451,20,946.593,0.2743673426152469
451,20,946.982,0.42071454252124885
451,20,947.37,0.3341476795045782
451,20,947.758,0.33435854322407693
451,20,948.146,0.2509176543125536
451,20,948.534,0.4503701688691638
451,20,949.698,0.4306949881169283
451,21,490.499,-0.1655935377312974
451,21,494.419,-0.2968309008786568
451,21,498.821,-0.560646318187775
451,21,499.31,-0.7112999477419369
451,21,500.287,-0.5085305314461035
451,21,501.263,-0.318016487271335
451,21,502.727,-0.5722111966316583
451,21,503.215,-0.3244102329271092
451,21,504.19,-0.8015144456743054
451,21,505.164,0.3007262713269816
451,21,506.139,-0.30352051198495894
451,21,508.086,-0.12546518810759014
451,21,509.545,-0.21013371971562683
451,21,512.46,-0.058833056321842984
451,21,660.114,-0.06821244543162391
451,21,660.567,-0.054730688927536054
451,21,684.839,0.08553357092705459
451,21,685.732,-0.009804321087507945
451,21,686.179,0.11672901953012138
451,21,687.071,0.10027088476760436
451,21,687.518,0.16757996454103913
451,21,687.964,0.1784300449500443
451,21,688.41,0.20231341288017332
451,21,689.301,0.22457446356215333
451,21,689.747,0.1456279251864553
451,21,690.193,0.18985617824262888
451,21,691.529,0.14356341069521725
451,21,691.974,0.17446713147414952
451,21,692.864,0.1690094907125185
451,21,721.138,0.0262916407138826
451,21,727.706,0.08953250383301206
451,21,728.143,0.276372444196699
451,21,728.58,0.251841034246624
451,21,737.734,0.9495432729318354
451,21,744.246,-0.06283697699823712
451,21,749.008,0.41326411947967806
451,21,750.305,0.388106454054537
451,21,751.169,-0.2519297627202771
451,21,752.464,-0.21235555761272706
451,21,752.896,-0.37552568776628403
451,21,753.758,-0.12624074903177113
451,21,754.621,-0.11661018686399845
451,21,756.775,0.2789038853368943
451,21,758.927,0.333540121328661
451,21,762.365,0.18024849564164272
451,21,763.223,0.3360292662302915
451,21,768.367,-0.28097714388546663
451,21,771.36,0.19993727004133927
451,21,774.776,-0.26976455019695333
451,21,775.203,-0.25194676476740274
451,21,782.864,-0.00010659065067729853
451,21,797.673,0.06261070722492323
451,21,817.378,0.15222344228182944
451,21,862.29,-0.34925342227964157
451,21,870.819,-0.3237475465993206
451,21,911.682,0.059638814216820026
451,21,912.474,0.05627124226898456
451,21,928.635,0.06285534044588614
451,21,929.027,0.024314644881225374
451,21,930.204,0.14956368797235944
451,21,934.511,0.005826831947162115
451,21,937.246,0.145026238254814
451,21,939.588,0.23594096039797055
451,21,940.757,0.06484874916873443
451,21,941.147,0.36252989555886345
451,21,941.537,0.38233706194826766
451,21,941.926,0.2400942370442628
451,21,942.315,0.3336652015408563
451,21,945.039,0.18251289790249534
451,21,945.428,0.34727090693519197
451,21,946.205,0.24182381503954112
451,21,946.593,0.25859139530552916
451,21,946.982,0.40429790026563084
451,21,947.37,0.3182375514880735
451,21,947.758,0.3187430224674848
451,21,948.146,0.23505260941135775
451,21,948.534,0.4338847907530254
451,21,949.698,0.41423603305243517
451,22,494.419,-0.3088581210580871
451,22,498.821,-0.5815104315416183
451,22,499.31,-0.7389576028147559
451,22,500.287,-0.5245459405494116
451,22,501.263,-0.32334885778821953
451,22,502.727,-0.5871611272981638
451,22,503.215,-0.3272676685315
451,22,504.19,-0.8293942507953935
451,22,505.164,0.3226579790470711
451,22,506.139,-0.3103168657004609
451,22,508.086,-0.1268464044286082
451,22,509.545,-0.21679313050896856
451,22,660.114,-0.06597758386410078
451,22,660.567,-0.05180203054646365
451,22,684.839,0.08619946503325618
451,22,685.732,-0.013936912786276758
451,22,686.179,0.1185156555153368
451,22,687.071,0.10145244707294193
451,22,687.518,0.1716645138073316
451,22,687.964,0.1836334149848067
451,22,688.41,0.20885981956409838
451,22,689.301,0.23293801234997363
451,22,689.747,0.15068178322025466
451,22,690.193,0.19728901047207997
451,22,691.529,0.14950959650253237
451,22,691.974,0.1817875277350062
451,22,692.864,0.17606205485411516
451,22,721.138,0.017326873260118326
451,22,727.706,0.07638486276914484
451,22,728.143,0.2710408291318844
451,22,728.58,0.2452697482278447
451,22,737.734,0.9756565169272706
451,22,744.246,-0.07984411408032517
451,22,749.008,0.4225688373680482
451,22,750.305,0.3969142876995125
451,22,751.169,-0.27203212694686285
451,22,752.464,-0.2297837406737623
451,22,752.896,-0.4001000828552384
451,22,753.758,-0.1383594645354424
451,22,754.621,-0.12658856592472884
451,22,756.775,0.2870277835677959
451,22,758.927,0.34511142925738836
451,22,762.365,0.18560869673096322
451,22,763.223,0.3486813222767545
451,22,768.367,-0.29497897382233884
451,22,771.36,0.20825570236665608
451,22,774.776,-0.28199790186263907
451,22,797.673,0.0673701726440601
451,22,817.378,0.16152693957621533
451,22,862.29,-0.3620626530671246
451,22,870.819,-0.3346470098294255
451,22,928.635,0.06944179960297209
451,22,929.027,0.028867240073648135
451,22,934.511,0.009436968736819627
451,22,937.246,0.15516819973149892
451,22,939.588,0.24978103259573683
451,22,940.757,0.07049864939841655
451,22,941.147,0.38204882774735843
451,22,941.537,0.4028851884429579
451,22,941.926,0.25320434709159906
451,22,942.315,0.3510163572354691
451,22,945.039,0.19314719253123297
451,22,945.428,0.36575546736396986
451,22,946.205,0.2553614487715124
451,22,946.982,0.4251241637822111
451,22,947.37,0.33467429329968323
451,22,947.758,0.33592190791808085
451,22,948.146,0.2484824212426617
451,22,948.534,0.45599378115388417
451,22,949.698,0.43517142879533977
451,23,494.419,-0.328019412273873
451,23,498.821,-0.6116068128154908
451,23,499.31,-0.775492996694032
451,23,500.287,-0.5499769182043203
451,23,501.263,-0.3385568980702773
451,23,502.727,-0.6085236913131495
451,23,503.215,-0.33648916330631806
451,23,504.19,-0.8542532305838181
451,23,505.164,0.34778261729120996
451,23,506.139,-0.31352660707103613
451,23,508.086,-0.12169281595949477
451,23,509.545,-0.21715283580929504
451,23,660.114,-0.06550323404060929
451,23,660.567,-0.05208732219627011
451,23,685.732,-0.013682298618297029
451,23,686.179,0.12505622515865994
451,23,687.071,0.10953027613673545
451,23,687.518,0.1839578905375629
451,23,687.964,0.19767050363883937
451,23,688.41,0.2248087842777859
451,23,689.301,0.2512044683727881
451,23,689.747,0.16547351321786358
451,23,690.193,0.2139285544717735
451,23,691.529,0.1634588185002627
451,23,691.974,0.1966759524981544
451,23,721.138,0.021585767910061025
451,23,727.706,0.07596176077138002
451,23,728.143,0.2787048926280913
451,23,737.734,1.0012347491465863
451,23,744.246,-0.10483081994765434
451,23,749.008,0.41913623792172255
451,23,750.305,0.39275495701717833
451,23,751.169,-0.3049341108416285
451,23,752.464,-0.2606870719823856
451,23,752.896,-0.43756178653103267
451,23,753.758,-0.1643882375771353
451,23,754.621,-0.1514555935754653
451,23,756.775,0.2800127532715309
451,23,758.927,0.3400940890237461
451,23,762.365,0.17532506196794262
451,23,763.223,0.3456438271076893
451,23,771.36,0.2002721336656622
451,23,774.776,-0.31058485401292635
451,23,797.673,0.05645847684491967
451,23,817.378,0.15541659310664574
451,23,862.29,-0.38810958884827146
451,23,870.819,-0.35939302750316277
451,23,934.511,0.00014015441112885917
451,23,937.246,0.15153613556415432
451,23,939.588,0.25083499052839847
451,23,940.757,0.06303886772682252
451,23,941.147,0.38885741091522646
451,23,941.537,0.4113812548254332
451,23,941.926,0.253535707217748
451,23,942.315,0.3556644836228515
451,23,945.039,0.19124386360312468
451,23,945.428,0.3719980773042219
451,23,946.205,0.2567166186952587
451,23,946.982,0.4339078098413469
451,23,947.37,0.339362410255439
451,23,947.758,0.3407318003635822
451,23,948.146,0.2491848213017244
451,23,948.534,0.4663745552395645
451,23,949.698,0.444291690261967
451,24,494.419,-0.34655083358820327
451,24,498.821,-0.6457234187020202
451,24,499.31,-0.8187473081473803
451,24,500.287,-0.5796972707205432
451,24,502.727,-0.6396069930800824
451,24,503.215,-0.3521519633458794
451,24,504.19,-0.9006358525646249
451,24,505.164,0.3703468162607192
451,24,506.139,-0.329383957474471
451,24,508.086,-0.12723032793849592
451,24,509.545,-0.2284260451642511
451,24,660.114,-0.0666355059745318
451,24,660.567,-0.052280865811430585
451,24,685.732,-0.01523839215954499
451,24,686.179,0.13158382958725523
451,24,687.071,0.11531327217917434
451,24,687.518,0.19388616946992726
451,24,687.964,0.20870166049021419
451,24,688.41,0.23737330416001315
451,24,689.301,0.26560972489790186
451,24,689.747,0.1750976741641463
451,24,690.193,0.22642584210798836
451,24,691.529,0.17308922699782894
451,24,691.974,0.2081187871693184
451,24,721.138,0.015856719280828043
451,24,727.706,0.06708746956551753
451,24,728.143,0.28079971122319825
451,24,737.734,1.0429877381303052
451,24,744.246,-0.12370087114180534
451,24,749.008,0.4339032742461196
451,24,750.305,0.40617789863818676
451,24,751.169,-0.3310210736502139
451,24,752.464,-0.28337921216979106
451,24,752.896,-0.46967990696963513
451,24,753.758,-0.18063105893385403
451,24,754.621,-0.16570695944084032
451,24,756.775,0.29076522630026896
451,24,758.927,0.35513055934561477
451,24,762.365,0.18208224028484674
451,24,763.223,0.3625558093734931
451,24,771.36,0.21048278145617672
451,24,774.776,-0.32899845599819366
451,24,797.673,0.0609549680054499
451,24,817.378,0.1658879032497811
451,24,862.29,-0.40751903146225843
451,24,870.819,-0.3767897692980403
451,24,937.246,0.16386023184999154
451,24,939.588,0.2684043695068526
451,24,940.757,0.07003724431276759
451,24,941.147,0.41425945145237
451,24,941.537,0.43827507497791185
451,24,941.926,0.2708904424281277
451,24,942.315,0.3789240218448156
451,24,945.039,0.205304160034007
451,24,945.428,0.39651859278823154
451,24,946.205,0.2748012803360227
451,24,946.982,0.4618322173051543
451,24,947.37,0.3617907432570603
451,24,947.758,0.3635076486143168
451,24,948.534,0.4959921812498699
451,24,949.698,0.4725992510037752
451,25,494.419,-0.32703889865020974
451,25,498.821,-0.6127571475816206
451,25,499.31,-0.7788831905096477
451,25,500.287,-0.5503071897882179
451,25,502.727,-0.6140972190324208
451,25,503.215,-0.3387903067967482
451,25,504.19,-0.8683847991060724
451,25,505.164,0.34769804014896427
451,25,506.139,-0.32228698177849063
451,25,508.086,-0.1295365178891159
451,25,509.545,-0.22608893562587398
451,25,660.114,-0.06843569810232267
451,25,660.567,-0.05433850413490559
451,25,685.732,-0.016073517672229923
451,25,686.179,0.12397746923529687
451,25,687.071,0.10640184959519346
451,25,687.518,0.18092395910785133
451,25,687.964,0.1936732646929383
451,25,688.41,0.22099286271464635
451,25,689.301,0.2464598592974011
451,25,689.747,0.1595392452984185
451,25,690.193,0.20905578364009178
451,25,691.529,0.15860525709696424
451,25,691.974,0.19291225257742572
451,25,721.138,0.025364249181594568
451,25,727.706,0.09442953456572402
451,25,728.143,0.3017477596347894
451,25,744.246,-0.07079384141792686
451,25,749.008,0.4574145890567271
451,25,750.305,0.430383764821666
451,25,751.169,-0.27839641513964236
451,25,752.464,-0.23485159647975126
451,25,752.896,-0.4153912145984281
451,25,753.758,-0.1389952129493454
451,25,754.621,-0.12721817196247148
451,25,756.775,0.30970709810531466
451,25,762.365,0.1997614768633797
451,25,763.223,0.37172693080762587
451,25,774.776,-0.2989715740614357
451,25,797.673,0.06772758417411304
451,25,817.378,0.16615960680446723
451,25,870.819,-0.3606628761421214
451,25,937.246,0.15614145402636748
451,25,939.588,0.2565256813390447
451,25,940.757,0.06643518106576167
451,25,941.147,0.3966648372212394
451,25,941.537,0.4195401893065469
451,25,941.926,0.2594958706070278
451,25,942.315,0.3631894214376662
451,25,945.039,0.19600750873440978
451,25,945.428,0.37922276488121615
451,25,946.205,0.26255822096856085
451,25,946.982,0.44230981672990394
451,25,947.37,0.34680064971315555
451,25,947.758,0.34742867022541707
451,25,948.534,0.4745514557619986
451,25,949.698,0.45276497351350314
451,26,494.419,-0.3223132107055586
451,26,498.821,-0.6060422997445418
451,26,499.31,-0.7713696748179811
451,26,500.287,-0.5441915184333034
451,26,502.727,-0.6116758519342008
451,26,503.215,-0.3381919848646036
451,26,504.19,-0.8674412936900208
451,26,505.164,0.3411594350416743
451,26,506.139,-0.3252370844654512
451,26,508.086,-0.1337437700029527
451,26,509.545,-0.22948595432699043
451,26,660.114,-0.06907451386240283
451,26,660.567,-0.05482371489908268
451,26,685.732,-0.015601296556912286
451,26,686.179,0.12340411097105347
451,26,687.071,0.10489298081368907
451,26,687.518,0.1784825705220794
451,26,687.964,0.19037643616553568
451,26,688.41,0.21725219251446637
451,26,689.301,0.2414508115437784
451,26,689.747,0.15474967648995347
451,26,690.193,0.20409195972029298
451,26,691.529,0.15394346159150896
451,26,691.974,0.18838382430155232
451,26,721.138,0.027416857548764547
451,26,727.706,0.10463042222150425
451,26,728.143,0.31214275789384605
451,26,744.246,-0.04847826650199163
451,26,749.008,0.47503314196039703
451,26,751.169,-0.2579130742340495
451,26,752.464,-0.21538511837553095
451,26,752.896,-0.39568212629163124
451,26,753.758,-0.12095081192592973
451,26,754.621,-0.11022305137170389
451,26,756.775,0.3241552978195202
451,26,762.365,0.21242146270049173
451,26,763.223,0.3830865760004884
451,26,774.776,-0.2876181084649777
451,26,797.673,0.07422256689234487
451,26,817.378,0.17121802049611137
451,26,870.819,-0.3562469113200794
451,26,937.246,0.15700922574641354
451,26,939.588,0.25697601212699767
451,26,940.757,0.0680531753712995
451,26,941.147,0.39656674998315683
451,26,941.537,0.41943512462908267
451,26,941.926,0.2600156029935697
451,26,942.315,0.3633476736793819
451,26,945.039,0.19664993826429975
451,26,945.428,0.37873309556013923
451,26,946.205,0.2628259114896529
451,26,946.982,0.44199347431181385
451,26,947.37,0.3471872869250977
451,26,947.758,0.34731611424511183
451,26,948.534,0.4738617786566804
451,26,949.698,0.4523479848530285
451,27,494.419,-0.3234231349886571
451,27,498.821,-0.6078899012161176
451,27,499.31,-0.7749279602788907
451,27,500.287,-0.5431906027431237
451,27,502.727,-0.6088367788512768
451,27,503.215,-0.33165951898965934
451,27,504.19,-0.8720058502774222
451,27,505.164,0.3515433760587089
451,27,506.139,-0.32447024264728075
451,27,508.086,-0.13381513531700645
451,27,509.545,-0.23112158975279104
451,27,660.114,-0.06441728385388537
451,27,660.567,-0.0494863574973192
451,27,685.732,-0.01764085968169206
451,27,686.179,0.1232032559939971
451,27,687.071,0.10437013562093257
451,27,687.518,0.1784801044413295
451,27,687.964,0.19086531264319892
451,27,688.41,0.21783642979900494
451,27,689.301,0.24267071841200522
451,27,689.747,0.15496458245444608
451,27,690.193,0.20504151724356542
451,27,691.529,0.1544247597698826
451,27,691.974,0.18919956775458002
451,27,727.706,0.08619986008667165
451,27,728.143,0.29549844793278846
451,27,744.246,-0.05993612531068275
451,27,749.008,0.4758018467067845
451,27,751.169,-0.2653202095753745
451,27,752.464,-0.22107632150136028
451,27,752.896,-0.40347753941039877
451,27,753.758,-0.12466627197357286
451,27,754.621,-0.11247244411265885
451,27,756.775,0.32776618028062465
451,27,762.365,0.2163795257774193
451,27,763.223,0.38964360554055394
451,27,774.776,-0.28681350843511216
451,27,797.673,0.08061733172681633
451,27,817.378,0.17899783636432348
451,27,870.819,-0.3539448370909533
451,27,939.588,0.2659988698654007
451,27,940.757,0.07478957639593307
451,27,941.147,0.40722074413818526
451,27,941.537,0.4302457393721479
451,27,941.926,0.2686673105955818
451,27,942.315,0.37334847972217305
451,27,945.039,0.20462859763759095
451,27,945.428,0.38904594922359936
451,27,946.205,0.2717277423189571
451,27,946.982,0.4527196489821184
451,27,947.37,0.35618713893395887
451,27,947.758,0.35715685237600825
451,27,948.534,0.48467109229562383
451,27,949.698,0.46289403259609924
451,28,494.419,-0.34558406086008886
451,28,498.821,-0.6447522042000655
451,28,499.31,-0.8201650185719314
451,28,500.287,-0.575897137511392
451,28,502.727,-0.6390430171117245
451,28,503.215,-0.346847142130461
451,28,504.19,-0.9087270929444579
451,28,505.164,0.3781399827493657
451,28,506.139,-0.33230856620454785
451,28,508.086,-0.1312586233913719
451,28,509.545,-0.23463762451368178
451,28,660.567,-0.05410788087041669
451,28,685.732,-0.020047600499223994
451,28,686.179,0.12826234523553098
451,28,687.071,0.1102537447101876
451,28,687.518,0.18924681893150105
451,28,687.964,0.20333566032532818
451,28,688.41,0.23263960780768972
451,28,689.747,0.16875438187861894
451,28,690.193,0.2214069639007442
451,28,691.529,0.168342291504542
451,28,691.974,0.20464636669304245
451,28,727.706,0.0959780999413303
451,28,728.143,0.3153906135853061
451,28,744.246,-0.07752033790918977
451,28,749.008,0.48274309768331847
451,28,751.169,-0.29594927089917256
451,28,752.464,-0.24985729669230244
451,28,752.896,-0.44124757313180574
451,28,753.758,-0.1484134260746807
451,28,754.621,-0.13550967875723696
451,28,756.775,0.32689369972654997
451,28,762.365,0.20992485142608164
451,28,763.223,0.39180419296831526
451,28,774.776,-0.317884534139846
451,28,797.673,0.06943957905996029
451,28,817.378,0.17349577737675412
451,28,870.819,-0.3838368618574097
451,28,939.588,0.2687890730654452
451,28,940.757,0.0669738765453488
451,28,941.147,0.4171235576896688
451,28,941.537,0.4414824685673754
451,28,941.926,0.27145196846266806
451,28,942.315,0.38124688188353556
451,28,945.039,0.2042666795425653
451,28,945.428,0.3985690818874382
451,28,946.205,0.2749180254709858
451,28,946.982,0.4650713409005877
451,28,947.37,0.36351487390057907
451,28,947.758,0.3647599677923128
451,28,948.534,0.4988000178659633
451,28,949.698,0.4758414518043774
451,29,494.419,-0.34558406086008886
451,29,498.821,-0.6447522042000655
451,29,499.31,-0.8201650185719314
451,29,500.287,-0.575897137511392
451,29,502.727,-0.6390430171117245
451,29,503.215,-0.346847142130461
451,29,504.19,-0.9087270929444579
451,29,505.164,0.3781399827493657
451,29,506.139,-0.33230856620454785
451,29,508.086,-0.1312586233913719
451,29,509.545,-0.23463762451368178
451,29,660.567,-0.05410788087041669
451,29,685.732,-0.020047600499223994
451,29,686.179,0.12826234523553098
451,29,687.071,0.1102537447101876
451,29,687.518,0.18924681893150105
451,29,687.964,0.20333566032532818
451,29,688.41,0.23263960780768972
451,29,689.747,0.16875438187861894
451,29,690.193,0.2214069639007442
451,29,691.529,0.168342291504542
451,29,691.974,0.20464636669304245
451,29,727.706,0.0959780999413303
451,29,728.143,0.3153906135853061
451,29,744.246,-0.07752033790918977
451,29,749.008,0.48274309768331847
451,29,751.169,-0.29594927089917256
451,29,752.464,-0.24985729669230244
451,29,752.896,-0.44124757313180574
451,29,753.758,-0.1484134260746807
451,29,754.621,-0.13550967875723696
451,29,756.775,0.32689369972654997
451,29,762.365,0.20992485142608164
451,29,763.223,0.39180419296831526
451,29,774.776,-0.317884534139846
451,29,797.673,0.06943957905996029
451,29,817.378,0.17349577737675412
451,29,870.819,-0.3838368618574097
451,29,939.588,0.2687890730654452
451,29,940.757,0.0669738765453488
451,29,941.147,0.4171235576896688
451,29,941.537,0.4414824685673754
451,29,941.926,0.27145196846266806
451,29,942.315,0.38124688188353556
451,29,945.039,0.2042666795425653
451,29,945.428,0.3985690818874382
451,29,946.205,0.2749180254709858
451,29,946.982,0.4650713409005877
451,29,947.37,0.36351487390057907
451,29,947.758,0.3647599677923128
451,29,948.534,0.4988000178659633
451,29,949.698,0.4758414518043774
451,30,494.419,-0.35366692936315874
451,30,498.821,-0.6598425781376841
451,30,499.31,-0.8389755583829616
451,30,500.287,-0.5899465404959526
451,30,502.727,-0.6565850927209771
451,30,503.215,-0.35908796961624806
451,30,504.19,-0.9302300095465235
451,30,505.164,0.38237527184854225
451,30,506.139,-0.34317910122638756
451,30,508.086,-0.1362564372119668
451,30,509.545,-0.24137989733437643
451,30,660.567,-0.05280012990825768
451,30,685.732,-0.013635060885502833
451,30,687.071,0.12022118888914649
451,30,687.518,0.20099306563332725
451,30,687.964,0.21507535015708007
451,30,688.41,0.2444141102843923
451,30,689.747,0.17703803889249622
451,30,690.193,0.23013323349651052
451,30,691.529,0.17423101502298435
451,30,691.974,0.21095319569120147
451,30,727.706,0.09612788230183564
451,30,728.143,0.32074841091464495
451,30,744.246,-0.078953430131101
451,30,749.008,0.49369085688261555
451,30,751.169,-0.3012912395283575
451,30,752.464,-0.2539492825998201
451,30,752.896,-0.44893591881431666
451,30,753.758,-0.15031726482246677
451,30,754.621,-0.13749504889534234
451,30,756.775,0.33494922310492237
451,30,762.365,0.21575896677387588
451,30,763.223,0.4019903866812022
451,30,774.776,-0.3234658944525337
451,30,797.673,0.07254333513415191
451,30,817.378,0.17850318760667858
451,30,870.819,-0.3910806658588611
451,30,939.588,0.2747651642942039
451,30,940.757,0.06919388465852237
451,30,941.147,0.42635144733469327
451,30,941.537,0.45170428585828826
451,30,941.926,0.27740219440958114
451,30,942.315,0.38965665747652845
451,30,945.039,0.20897352466583272
451,30,945.428,0.4070937602678086
451,30,946.205,0.28128820126491183
451,30,946.982,0.4756898562323814
451,30,947.37,0.372060484033203
451,30,947.758,0.3728291379455614
451,30,948.534,0.5103501408970799
451,30,949.698,0.4866553855215883
451,31,494.419,-0.3686701270853132
451,31,498.821,-0.6881211895231257
451,31,499.31,-0.8744005003317808
451,31,500.287,-0.614622490562972
451,31,502.727,-0.6850816030416416
451,31,503.215,-0.37443704038503367
451,31,504.19,-0.9708206775040498
451,31,505.164,0.3996984505922305
451,31,506.139,-0.3587837794805673
451,31,508.086,-0.1434292140834448
451,31,509.545,-0.2525943792579067
451,31,660.567,-0.051465415158434884
451,31,687.071,0.1312054253615082
451,31,687.518,0.21548667288465745
451,31,688.41,0.2600623063914571
451,31,689.747,0.18840990158910004
451,31,690.193,0.24324286835460426
451,31,691.529,0.18346974272373978
451,31,691.974,0.2214901444545987
451,31,727.706,0.08876384731796945
451,31,728.143,0.32297385090541836
451,31,744.246,-0.08957389042970473
451,31,749.008,0.5123670901425744
451,31,751.169,-0.31790109677978295
451,31,752.464,-0.2676249486944582
451,31,752.896,-0.4706637342021641
451,31,753.758,-0.15897077777892424
451,31,754.621,-0.14535836423692022
451,31,756.775,0.348742990795873
451,31,762.365,0.225686066729973
451,31,763.223,0.4210362394563466
451,31,774.776,-0.33561077124383193
451,31,797.673,0.07921618005397885
451,31,817.378,0.18958727617551085
451,31,870.819,-0.40453918728132304
451,31,939.588,0.29033296938271125
451,31,940.757,0.07646581156865481
451,31,941.147,0.4487220124827635
451,31,941.537,0.47534153250129974
451,31,941.926,0.2933876280203152
451,31,942.315,0.4107754668847924
451,31,945.428,0.4286493565344221
451,31,946.205,0.29772864259654663
451,31,946.982,0.5007661913281902
451,31,947.37,0.39198241368998943
451,31,947.758,0.3928427975641306
451,31,948.534,0.5365739291359292
451,31,949.698,0.5120375386921392
451,32,494.419,-0.3634892897344162
451,32,498.821,-0.6796647049031505
451,32,499.31,-0.8643257204955862
451,32,500.287,-0.6056416991195291
451,32,502.727,-0.6758888753906448
451,32,503.215,-0.36679308865750543
451,32,504.19,-0.9651899371642991
451,32,505.164,0.4003521119084461
451,32,506.139,-0.3569757242203339
451,32,508.086,-0.14457730205421734
451,32,509.545,-0.2531454454645107
451,32,660.567,-0.04844905887956214
451,32,687.071,0.12912604170874253
451,32,687.518,0.2124362839025205
451,32,688.41,0.2561537554728457
451,32,689.747,0.18466980865040725
451,32,690.193,0.23929031864806116
451,32,691.529,0.179854028696376
451,32,691.974,0.2177989015606455
451,32,727.706,0.07250928698096847
451,32,744.246,-0.09455485927253371
451,32,749.008,0.5098764354056147
451,32,751.169,-0.3170143122802482
451,32,752.464,-0.26609597423147163
451,32,752.896,-0.468110939651864
451,32,753.758,-0.15714217936200378
451,32,754.621,-0.143086554065022
451,32,756.775,0.35025507831386776
451,32,762.365,0.22925318307674883
451,32,763.223,0.424606940604254
451,32,774.776,-0.32749223383615644
451,32,797.673,0.08716424465881951
451,32,817.378,0.19707785926399574
451,32,939.588,0.2973964832941173
451,32,940.757,0.08506640444498521
451,32,941.147,0.45508635303998624
451,32,941.537,0.4813760233591427
451,32,941.926,0.3004145179420602
451,32,942.315,0.417655309455065
451,32,945.428,0.4349241147853256
451,32,946.205,0.30480831955860094
451,32,946.982,0.5068750737663617
451,32,947.37,0.39801925352618606
451,32,947.758,0.39924471872961803
451,32,948.534,0.5422984056065651
451,33,494.419,-0.4062242715522338
451,33,498.821,-0.7544279334358298
451,33,499.31,-0.955101007688117
451,33,500.287,-0.6754626093644797
451,33,503.215,-0.41110668318873966
451,33,504.19,-1.0471716636165402
451,33,505.164,0.43779887608459445
451,33,506.139,-0.38333961805711153
451,33,508.086,-0.1477882399253559
451,33,509.545,-0.2663148762230308
451,33,660.567,-0.06323802985899628
451,33,687.071,0.14231794623876204
451,33,687.518,0.23483945310436988
451,33,688.41,0.2848736868404786
451,33,689.747,0.2096472614341147
451,33,690.193,0.2688572222993971
451,33,691.529,0.20457175082892654
451,33,691.974,0.2456993039279384
451,33,727.706,0.11360998787808484
451,33,749.008,0.5423474384298588
451,33,751.169,-0.3584195532246348
451,33,752.464,-0.3050426786520051
451,33,752.896,-0.5247195108064834
451,33,753.758,-0.18812817936326834
451,33,754.621,-0.17500625696321342
451,33,756.775,0.3607058035395241
451,33,762.365,0.2268970552004303
451,33,763.223,0.43865036833686155
451,33,797.673,0.06858904006745706
451,33,817.378,0.18815874150433576
451,33,939.588,0.30147382671578465
451,33,940.757,0.06923313034647534
451,33,941.147,0.47271602459399864
451,33,941.537,0.5010772958532167
451,33,941.926,0.30515538835948497
451,33,942.315,0.43253015948435225
451,33,945.428,0.4518433541813324
451,33,946.205,0.30971688427241434
451,33,946.982,0.5294765728332306
451,33,947.37,0.4119063096213901
451,33,947.758,0.41252776193343443
451,33,948.534,0.5686497298067351
451,34,498.821,-0.817465204951822
451,34,499.31,-1.0320490397831237
451,34,500.287,-0.7294756396313768
451,34,503.215,-0.4338360525542748
451,34,504.19,-1.1006579502040905
451,34,505.164,0.4890074224865278
451,34,506.139,-0.3920435322661511
451,34,508.086,-0.13859561346275825
451,34,509.545,-0.26869556417080886
451,34,660.567,-0.0678796642227785
451,34,687.518,0.2593299122958787
451,34,688.41,0.31690762521125804
451,34,689.747,0.23881652319053492
451,34,690.193,0.3020628097078329
451,34,691.529,0.23226795801956684
451,34,691.974,0.2758043925058236
451,34,727.706,0.13941620380437658
451,34,749.008,0.5591971882178669
451,34,751.169,-0.40640572538881437
451,34,752.464,-0.3504133571624017
451,34,752.896,-0.5854770174952408
451,34,753.758,-0.22598266026670136
451,34,754.621,-0.21199800042231629
451,34,756.775,0.361102688780819
451,34,763.223,0.44268454401430724
451,34,817.378,0.17306132194909624
451,34,939.588,0.29734878899579403
451,34,940.757,0.04696940525762357
451,34,941.147,0.4811755894327289
451,34,941.537,0.5128534583533493
451,34,941.926,0.3000984129336238
451,34,942.315,0.436771924842368
451,34,945.428,0.459069935149265
451,34,946.205,0.3064934793877935
451,34,946.982,0.5424980056737158
451,34,947.37,0.4158758557803835
451,34,947.758,0.41635634267290067
451,34,948.534,0.5843562102133391
451,35,498.821,-0.817465204951822
451,35,499.31,-1.0320490397831237
451,35,500.287,-0.7294756396313768
451,35,503.215,-0.4338360525542748
451,35,504.19,-1.1006579502040905
451,35,505.164,0.4890074224865278
451,35,506.139,-0.3920435322661511
451,35,508.086,-0.13859561346275825
451,35,509.545,-0.26869556417080886
451,35,660.567,-0.0678796642227785
451,35,687.518,0.2593299122958787
451,35,688.41,0.31690762521125804
451,35,689.747,0.23881652319053492
451,35,690.193,0.3020628097078329
451,35,691.529,0.23226795801956684
451,35,691.974,0.2758043925058236
451,35,727.706,0.13941620380437658
451,35,749.008,0.5591971882178669
451,35,751.169,-0.40640572538881437
451,35,752.464,-0.3504133571624017
451,35,752.896,-0.5854770174952408
451,35,753.758,-0.22598266026670136
451,35,754.621,-0.21199800042231629
451,35,756.775,0.361102688780819
451,35,763.223,0.44268454401430724
451,35,817.378,0.17306132194909624
451,35,939.588,0.29734878899579403
451,35,940.757,0.04696940525762357
451,35,941.147,0.4811755894327289
451,35,941.537,0.5128534583533493
451,35,941.926,0.3000984129336238
451,35,942.315,0.436771924842368
451,35,945.428,0.459069935149265
451,35,946.205,0.3064934793877935
451,35,946.982,0.5424980056737158
451,35,947.37,0.4158758557803835
451,35,947.758,0.41635634267290067
451,35,948.534,0.5843562102133391
451,36,498.821,-0.8611987384927837
451,36,499.31,-1.084001118493552
451,36,500.287,-0.7676830468258711
451,36,503.215,-0.4454915062325102
451,36,504.19,-1.1277447966906182
451,36,505.164,0.5280764922648702
451,36,506.139,-0.3885602986182734
451,36,508.086,-0.12422865746424529
451,36,509.545,-0.262108578595563
451,36,660.567,-0.07647384654126103
451,36,687.518,0.26976253468470945
451,36,688.41,0.33408240742934675
451,36,689.747,0.2580563871718365
451,36,690.193,0.3241681348778486
451,36,691.529,0.2525965960050812
451,36,727.706,0.15936663033558282
451,36,749.008,0.5485867229650544
451,36,751.169,-0.45574623517452467
451,36,752.464,-0.39866015469909727
451,36,752.896,-0.6427613559001089
451,36,753.758,-0.26910192575430214
451,36,754.621,-0.25458323253570825
451,36,756.775,0.34092068824648736
451,36,763.223,0.4248413229201105
451,36,817.378,0.14968312441756493
451,36,939.588,0.28661728140854403
451,36,940.757,0.024275816794431467
451,36,941.147,0.4776830995429364
451,36,941.537,0.5108186399545581
451,36,941.926,0.2892394142370057
451,36,942.315,0.4310061690689621
451,36,945.428,0.4558356649377173
451,36,946.205,0.2962679203389855
451,36,946.982,0.5415961269709475
451,36,947.37,0.40968528498206075
451,36,947.758,0.41068966549946817
451,36,948.534,0.5853500604581786
451,37,498.821,-0.9668565338418097
451,37,499.31,-1.2107310710819263
451,37,500.287,-0.8573586741094753
451,37,503.215,-0.46913853395939314
451,37,504.19,-1.2001858760681954
451,37,505.164,0.6284412694949069
451,37,506.139,-0.382971204865869
451,37,508.086,-0.09292449300575556
451,37,509.545,-0.2508747054512039
451,37,660.567,-0.09390368306972456
451,37,687.518,0.29399242394173314
451,37,688.41,0.3744293229844732
451,37,689.747,0.3022779084031215
451,37,727.706,0.19263367995912822
451,37,749.008,0.5305586682684517
451,37,751.169,-0.5749373401161971
451,37,752.464,-0.5140594021022342
451,37,752.896,-0.7814668549672704
451,37,753.758,-0.37033068260070146
451,37,754.621,-0.35355170558426924
451,37,756.775,0.30145574561290456
451,37,763.223,0.3935690490976066
451,37,817.378,0.104894275681532
451,37,939.588,0.27192017981027033
451,37,941.147,0.48215080467888893
451,37,941.537,0.519181179413047
451,37,941.926,0.27421620454490747
451,37,942.315,0.4298100342448902
451,37,945.428,0.46028018491808154
451,37,946.205,0.28295968834695673
451,37,946.982,0.5526999151264353
451,37,947.37,0.4066219578824858
451,37,947.758,0.40894905305478385
451,37,948.534,0.6008404115849884
451,38,498.821,-0.9470613392155519
451,38,499.31,-1.1881597227608764
451,38,500.287,-0.8463359582695509
451,38,503.215,-0.4815049234154311
451,38,504.19,-1.2036727219253018
451,38,505.164,0.5953266956336797
451,38,506.139,-0.4016673325819525
451,38,509.545,-0.26691647653655426
451,38,660.567,-0.09620176654334334
451,38,687.518,0.2891505248358457
451,38,688.41,0.36384512831295296
451,38,689.747,0.28720505843573174
451,38,727.706,0.23351195842044578
451,38,751.169,-0.5043693739914077
451,38,752.464,-0.44724588133338883
451,38,752.896,-0.7133901913036925
451,38,753.758,-0.30994118420497985
451,38,754.621,-0.29774015014652605
451,38,756.775,0.34922759705625583
451,38,763.223,0.43293633835198075
451,38,817.378,0.12192701410316567
451,38,939.588,0.27314636448187674
451,38,941.147,0.48207426692723915
451,38,941.537,0.5169606704567543
451,38,941.926,0.2773759855089478
451,38,942.315,0.4320988009927702
451,38,945.428,0.45928649664341326
451,38,946.205,0.28433002299063803
451,38,946.982,0.5516543429948838
451,38,947.37,0.4068746937703958
451,38,947.758,0.4086096593767984
451,38,948.534,0.5982546711999434
451,39,498.821,-0.9449619934100678
451,39,499.31,-1.1936745665398545
451,39,500.287,-0.8366554931706923
451,39,503.215,-0.47313515681640805
451,39,504.19,-1.2594368708410604
451,39,505.164,0.6108277595402288
451,39,506.139,-0.43332273074509325
451,39,509.545,-0.305023897176509
451,39,660.567,-0.07989420940382976
451,39,687.518,0.286210493994806
451,39,688.41,0.35661805023254695
451,39,689.747,0.26992575645730593
451,39,727.706,0.19143412243688906
451,39,751.169,-0.45455804731450383
451,39,752.464,-0.39264529261045306
451,39,752.896,-0.6719035691786943
451,39,753.758,-0.24987677573012673
451,39,754.621,-0.23624232787319377
451,39,756.775,0.4422475086837399
451,39,817.378,0.1942515350620837
451,39,939.588,0.3355708881091754
451,39,941.537,0.5894506182259471
451,39,942.315,0.5041515178846744
451,39,945.428,0.5281342485383327
451,39,946.205,0.34702998352557063
451,39,946.982,0.6254939001820835
451,39,947.37,0.4722743266837437
451,39,947.758,0.4755575070511028
451,39,948.534,0.6712962443533291
451,40,498.821,-0.9539878927012629
451,40,499.31,-1.2090047225625782
451,40,500.287,-0.8506160011441639
451,40,503.215,-0.502990374787011
451,40,504.19,-1.3029932529334316
451,40,505.164,0.5873793877920722
451,40,506.139,-0.47085840082829167
451,40,660.567,-0.07930987825218265
451,40,687.518,0.29315168721293466
451,40,688.41,0.359981820542076
451,40,689.747,0.2649534196507428
451,40,727.706,0.21168687043346682
451,40,751.169,-0.417207110978856
451,40,752.464,-0.3549027500431557
451,40,752.896,-0.6395706622562434
451,40,753.758,-0.21132654585421484
451,40,754.621,-0.2012090220229103
451,40,756.775,0.4896599528785848
451,40,817.378,0.22355565456791418
451,40,939.588,0.3546413469869606
451,40,941.537,0.6127081357294988
451,40,942.315,0.5268419288592073
451,40,945.428,0.5487212436853435
451,40,946.205,0.36511871623051945
451,40,946.982,0.6499744612820819
451,40,947.37,0.4951963660260668
451,40,947.758,0.4961971553228903
451,40,948.534,0.6965468213914365
451,41,498.821,-0.9798850391985703
451,41,499.31,-1.2449895204960235
451,41,500.287,-0.8642414522194725
451,41,503.215,-0.49916255535798726
451,41,504.19,-1.3536618466698265
451,41,505.164,0.6221161906725753
451,41,506.139,-0.48920127149299825
451,41,660.567,-0.0728477207342687
451,41,687.518,0.3013567088478442
451,41,688.41,0.3696155955022784
451,41,689.747,0.2677872376695965
451,41,751.169,-0.41448130804564814
451,41,752.464,-0.3473375740858103
451,41,752.896,-0.6457655321772753
451,41,754.621,-0.18429596126672207
451,41,756.775,0.5387580276622815
451,41,817.378,0.2564687711935249
451,41,939.588,0.38755070104060946
451,41,941.537,0.6593550402636206
451,41,942.315,0.5651242238788059
451,41,945.428,0.588665919266309
451,41,946.205,0.3977454232902497
451,41,946.982,0.695645673609037
451,41,947.758,0.5344914950840287
451,41,948.534,0.7447326529317858
451,42,498.821,-1.0180135366389502
451,42,499.31,-1.294625450229832
451,42,500.287,-0.9107093676393214
451,42,503.215,-0.5653020214536395
451,42,504.19,-1.4408176587917016
451,42,505.164,0.5903219153441596
451,42,660.567,-0.07847036685939673
451,42,687.518,0.3226963251710449
451,42,688.41,0.3872596708146797
451,42,689.747,0.27190920269851926
451,42,751.169,-0.38203584821886266
451,42,752.464,-0.3135837642698933
451,42,752.896,-0.6219360620617037
451,42,754.621,-0.15086030419406501
451,42,756.775,0.597558734578615
451,42,817.378,0.29204915214153254
451,42,939.588,0.4149323324560918
451,42,941.537,0.6960631036655918
451,42,942.315,0.5996714715416938
451,42,945.428,0.6201914080098174
451,42,946.205,0.42464018706979795
451,42,946.982,0.7344944172349056
451,42,947.758,0.5662601712324056
451,42,948.534,0.7870374358652367
451,43,498.821,-1.039537093579577
451,43,499.31,-1.3219615262904796
451,43,500.287,-0.9283137212732965
451,43,503.215,-0.5695341804749329
451,43,504.19,-1.4570466850308947
451,43,505.164,0.6120453229245597
451,43,660.567,-0.0834168173920217
451,43,687.518,0.327111620712655
451,43,688.41,0.39521925981345585
451,43,689.747,0.27895925706426095
451,43,751.169,-0.37954011535750654
451,43,752.464,-0.31212370242595555
451,43,752.896,-0.6274123536389912
451,43,756.775,0.6127709276561341
451,43,817.378,0.2826155370881816
451,43,939.588,0.40544664401689984
451,43,941.537,0.6938663651653195
451,43,942.315,0.5929312687995699
451,43,945.428,0.6151457474479202
451,43,946.205,0.4155416254618503
451,43,946.982,0.7320523969915324
451,43,947.758,0.5600826950821518
451,43,948.534,0.7854646408796407
451,44,498.821,-1.0386532502975574
451,44,499.31,-1.338790459216686
451,44,500.287,-0.9107263032623043
451,44,503.215,-0.5585721266811611
451,44,504.19,-1.5826935606340933
451,44,505.164,0.63141949508228
451,44,660.567,-0.0525534151410388
451,44,687.518,0.3213004028399293
451,44,688.41,0.38030766981608966
451,44,689.747,0.23984991155363145
451,44,751.169,-0.2503143988507621
451,44,752.464,-0.17481227963190063
451,44,752.896,-0.5202298893668289
451,44,817.378,0.4359125661342688
451,44,941.537,0.8439805684608727
451,44,942.315,0.7335822946197622
451,44,945.428,0.7530336531216597
451,44,946.205,0.541014219670676
451,44,946.982,0.8825628876807459
451,44,948.534,0.935706703396934
451,45,498.821,-1.0386532502975574
451,45,499.31,-1.338790459216686
451,45,500.287,-0.9107263032623043
451,45,503.215,-0.5585721266811611
451,45,504.19,-1.5826935606340933
451,45,505.164,0.63141949508228
451,45,660.567,-0.0525534151410388
451,45,687.518,0.3213004028399293
451,45,688.41,0.38030766981608966
451,45,689.747,0.23984991155363145
451,45,751.169,-0.2503143988507621
451,45,752.464,-0.17481227963190063
451,45,752.896,-0.5202298893668289
451,45,817.378,0.4359125661342688
451,45,941.537,0.8439805684608727
451,45,942.315,0.7335822946197622
451,45,945.428,0.7530336531216597
451,45,946.205,0.541014219670676
451,45,946.982,0.8825628876807459
451,45,948.534,0.935706703396934
451,46,498.821,-1.067169757018601
451,46,499.31,-1.3739641315455489
451,46,500.287,-0.9326668191504423
451,46,503.215,-0.5620547065168174
451,46,504.19,-1.6023970311288889
451,46,505.164,0.6647737847889583
451,46,660.567,-0.06165844577942716
451,46,687.518,0.32591633884576715
451,46,688.41,0.38948802717355263
451,46,689.747,0.2486996144015773
451,46,752.464,-0.17391636000626615
451,46,752.896,-0.5291676565683958
451,46,817.378,0.42163798305381833
451,46,941.537,0.839162615716779
451,46,942.315,0.7246969063727327
451,46,945.428,0.745474502038472
451,46,946.205,0.5275786932639419
451,46,946.982,0.8781421910192617
451,46,948.534,0.9321720603892866
451,47,498.821,-1.109294523099784
451,47,499.31,-1.4381744140500623
451,47,500.287,-0.9433890623514034
451,47,503.215,-0.5386843048133036
451,47,504.19,-1.7008819567464668
451,47,505.164,0.748720443148747
451,47,687.518,0.34195131090210534
451,47,688.41,0.409416681817492
451,47,689.747,0.2497249826116397
451,47,752.464,-0.1325875342291555
451,47,817.378,0.5123600405059884
451,47,942.315,0.8150935272102547
451,47,945.428,0.8396059140103141
451,47,946.205,0.605553843387402
451,47,946.982,0.9892571786991111
451,47,948.534,1.0450128326471297
451,48,498.821,-1.109294523099784
451,48,499.31,-1.4381744140500623
451,48,500.287,-0.9433890623514034
451,48,503.215,-0.5386843048133036
451,48,504.19,-1.7008819567464668
451,48,505.164,0.748720443148747
451,48,687.518,0.34195131090210534
451,48,688.41,0.409416681817492
451,48,689.747,0.2497249826116397
451,48,752.464,-0.1325875342291555
451,48,817.378,0.5123600405059884
451,48,942.315,0.8150935272102547
451,48,945.428,0.8396059140103141
451,48,946.205,0.605553843387402
451,48,946.982,0.9892571786991111
451,48,948.534,1.0450128326471297
451,49,498.821,-1.1094881206239695
451,49,499.31,-1.4513385232192701
451,49,500.287,-0.9254588976881092
451,49,503.215,-0.5091442261374789
451,49,504.19,-1.743660186290178
451,49,505.164,0.7951156228692463
451,49,687.518,0.34404022091008696
451,49,688.41,0.4117954334347618
451,49,689.747,0.23721356409999417
451,49,752.464,-0.06288323947642309
451,49,942.315,0.8728986962673001
451,49,945.428,0.8964620672832749
451,49,946.205,0.6541608524209145
451,49,946.982,1.057548415032521
451,49,948.534,1.1142284060844427
451,50,499.31,-1.7385855422450627
451,50,500.287,-1.1429210411372612
451,50,503.215,-0.6018090875142474
451,50,504.19,-1.9012791034512895
451,50,505.164,0.9670226575490518
451,50,687.518,0.412248472866545
451,50,688.41,0.5127617342453157
451,50,689.747,0.343610086288969
451,50,752.464,-0.28953882221767074
451,50,942.315,0.8347156891331827
451,50,945.428,0.8724235914670921
451,50,946.205,0.5956313730734586
451,50,946.982,1.0490270253435796
451,50,948.534,1.1164503699046895
451,51,499.31,-1.7385855422450627
451,51,500.287,-1.1429210411372612
451,51,503.215,-0.6018090875142474
451,51,504.19,-1.9012791034512895
451,51,505.164,0.9670226575490518
451,51,687.518,0.412248472866545
451,51,688.41,0.5127617342453157
451,51,689.747,0.343610086288969
451,51,752.464,-0.28953882221767074
451,51,942.315,0.8347156891331827
451,51,945.428,0.8724235914670921
451,51,946.205,0.5956313730734586
451,51,946.982,1.0490270253435796
451,51,948.534,1.1164503699046895
451,52,500.287,-1.484498360291901
451,52,503.215,-0.7501350467170854
451,52,504.19,-2.1293402932271785
451,52,505.164,1.2235122319135636
451,52,687.518,0.5101200275355533
451,52,688.41,0.6644767770762606
451,52,689.747,0.5041196059042093
451,52,942.315,0.7250294949069803
451,52,945.428,0.7878403947441109
451,52,946.205,0.45631271380820854
451,52,946.982,0.9870430851372467
451,52,948.534,1.0738854336045867
451,53,500.287,-1.1005809616042068
451,53,503.215,-0.6065700398300463
451,53,504.19,-1.7042201652524656
451,53,687.518,0.3862558927548375
451,53,688.41,0.4846743830648548
451,53,689.747,0.34197110974185935
451,53,942.315,0.654436256766304
451,53,945.428,0.694899147161115
451,53,946.205,0.4460203238657111
451,53,946.982,0.8495985405573785
451,53,948.534,0.9151514782093282
451,54,500.287,-1.1005809616042068
451,54,503.215,-0.6065700398300463
451,54,504.19,-1.7042201652524656
451,54,687.518,0.3862558927548375
451,54,688.41,0.4846743830648548
451,54,689.747,0.34197110974185935
451,54,942.315,0.654436256766304
451,54,945.428,0.694899147161115
451,54,946.205,0.4460203238657111
451,54,946.982,0.8495985405573785
451,54,948.534,0.9151514782093282
451,55,500.287,-1.1005809616042068
451,55,503.215,-0.6065700398300463
451,55,504.19,-1.7042201652524656
451,55,687.518,0.3862558927548375
451,55,688.41,0.4846743830648548
451,55,689.747,0.34197110974185935
451,55,942.315,0.654436256766304
451,55,945.428,0.694899147161115
451,55,946.205,0.4460203238657111
451,55,946.982,0.8495985405573785
451,55,948.534,0.9151514782093282
451,56,500.287,-1.2575405570034788
451,56,503.215,-0.6273117740097648
451,56,504.19,-1.792043145358571
451,56,687.518,0.4145092421989694
451,56,688.41,0.5487344082705754
451,56,942.315,0.5973649350408178
451,56,945.428,0.6518161982967372
451,56,946.205,0.37016140062589115
451,56,946.982,0.8200459690465075
451,56,948.534,0.8934881124144722
451,57,503.215,-0.7066373211811827
451,57,504.19,-2.0468298455908576
451,57,687.518,0.47724984225098716
451,57,688.41,0.643829504236875
451,57,942.315,0.6824779096166289
451,57,945.428,0.7528329022463186
451,57,946.205,0.42014395927923087
451,57,948.534,1.0371835661790298
451,58,503.215,-0.7066373211811827
451,58,504.19,-2.0468298455908576
451,58,687.518,0.47724984225098716
451,58,688.41,0.643829504236875
451,58,942.315,0.6824779096166289
451,58,945.428,0.7528329022463186
451,58,946.205,0.42014395927923087
451,58,948.534,1.0371835661790298
451,59,504.19,-2.472376201546834
451,59,687.518,0.5337992332382262
451,59,688.41,0.7252059538255466
451,59,942.315,0.9086403757118537
451,59,946.205,0.5891052561584784
451,59,948.534,1.3231451945490322
451,60,504.19,-2.472376201546834
451,60,687.518,0.5337992332382262
451,60,688.41,0.7252059538255466
451,60,942.315,0.9086403757118537
451,60,946.205,0.5891052561584784
451,60,948.534,1.3231451945490322
451,61,504.19,-2.472376201546834
451,61,687.518,0.5337992332382262
451,61,688.41,0.7252059538255466
451,61,942.315,0.9086403757118537
451,61,946.205,0.5891052561584784
451,61,948.534,1.3231451945490322
451,62,504.19,-2.472376201546834
451,62,687.518,0.5337992332382262
451,62,688.41,0.7252059538255466
451,62,942.315,0.9086403757118537
451,62,946.205,0.5891052561584784
451,62,948.534,1.3231451945490322
451,63,504.19,-2.472376201546834
451,63,687.518,0.5337992332382262
451,63,688.41,0.7252059538255466
451,63,942.315,0.9086403757118537
451,63,946.205,0.5891052561584784
451,63,948.534,1.3231451945490322
451,64,504.19,-2.951202232216378
451,64,687.518,0.8419064808412147
451,64,942.315,0.7170664708063635
451,64,946.205,0.3122095215898891
451,64,948.534,1.3129848109572169
451,65,504.19,-2.951202232216378
451,65,687.518,0.8419064808412147
451,65,942.315,0.7170664708063635
451,65,946.205,0.3122095215898891
451,65,948.534,1.3129848109572169
451,66,504.19,-2.951202232216378
451,66,687.518,0.8419064808412147
451,66,942.315,0.7170664708063635
451,66,946.205,0.3122095215898891
451,66,948.534,1.3129848109572169
451,67,504.19,-2.827668146696306
451,67,687.518,0.7706347203667745
451,67,942.315,0.939551575859327
451,67,948.534,1.5627056998118618
451,68,504.19,-2.827668146696306
451,68,687.518,0.7706347203667745
451,68,942.315,0.939551575859327
451,68,948.534,1.5627056998118618
451,69,504.19,-2.827668146696306
451,69,687.518,0.7706347203667745
451,69,942.315,0.939551575859327
451,69,948.534,1.5627056998118618
451,70,504.19,-2.827668146696306
451,70,687.518,0.7706347203667745
451,70,942.315,0.939551575859327
451,70,948.534,1.5627056998118618
451,71,504.19,-2.827668146696306
451,71,687.518,0.7706347203667745
451,71,942.315,0.939551575859327
451,71,948.534,1.5627056998118618
451,72,504.19,-2.827668146696306
451,72,687.518,0.7706347203667745
451,72,942.315,0.939551575859327
451,72,948.534,1.5627056998118618
451,73,504.19,-2.827668146696306
451,73,687.518,0.7706347203667745
451,73,942.315,0.939551575859327
451,73,948.534,1.5627056998118618
451,74,504.19,-2.827668146696306
451,74,687.518,0.7706347203667745
451,74,942.315,0.939551575859327
451,74,948.534,1.5627056998118618
451,75,504.19,-2.827668146696306
451,75,687.518,0.7706347203667745
451,75,942.315,0.939551575859327
451,75,948.534,1.5627056998118618
451,76,504.19,-2.827668146696306
451,76,687.518,0.7706347203667745
451,76,942.315,0.939551575859327
451,76,948.534,1.5627056998118618
451,77,504.19,-2.9471222915652424
451,77,687.518,0.577350422526811
451,77,948.534,2.425380000361251
451,78,687.518,0.8079213226241057
451,78,948.534,3.441987987746926
451,79,687.518,0.8079213226241057
451,79,948.534,3.441987987746926
451,80,687.518,0.8079213226241057
451,80,948.534,3.441987987746926
451,81,687.518,0.8079213226241057
451,81,948.534,3.441987987746926
451,82,948.534,2.808952644169357
451,83,948.534,2.808952644169357
451,84,948.534,2.808952644169357
451,85,948.534,2.808952644169357
451,86,948.534,2.808952644169357
451,87,948.534,2.808952644169357
451,88,948.534,2.808952644169357
451,89,948.534,2.808952644169357
451,90,948.534,2.808952644169357
451,91,948.534,2.808952644169357
451,92,948.534,2.808952644169357
451,93,948.534,2.808952644169357
451,94,948.534,2.808952644169357
451,95,948.534,2.808952644169357
451,96,948.534,2.808952644169357
451,97,948.534,2.808952644169357
451,98,948.534,2.808952644169357
451,99,948.534,2.808952644169357
451,100,948.534,2.808952644169357
